5
2 1000
960 851 316 374 350 370 625 302 6 727 517 972 122 126 545 707 824 199 392 622 178 434 246 606 779 118 679 474 535 173 590 546 362 701 233 267 406 32 103 592 254 863 67 663 559 97 813 588 525 240 914 402 552 913 804 997 900 724 129 323 288 281 918 119 305 304 411 776 624 229 194 894 174 66 697 754 153 834 279 110 497 393 442 483 856 50 37 747 58 87 738 891 885 560 418 937 439 19 726 419 527 669 490 677 551 396 228 562 971 485 386 363 995 237 882 570 990 139 64 82 278 440 348 24 709 684 920 53 655 536 476 61 640 448 351 843 579 561 136 168 215 692 259 978 274 746 400 212 328 732 210 70 121 239 638 648 165 666 607 415 14 39 698 198 801 308 533 143 355 471 524 844 976 759 7 116 30 608 201 586 823 690 511 977 675 899 488 167 620 454 252 849 99 806 1 331 208 616 881 753 765 858 887 93 696 760 897 381 342 327 367 193 409 282 861 711 730 917 270 4 830 672 322 650 117 294 659 751 905 1000 936 594 216 128 848 444 502 587 113 775 295 230 773 974 966 466 708 903 892 335 939 269 425 614 528 339 717 926 464 821 790 504 653 344 213 436 435 657 582 44 127 521 578 164 802 994 413 771 680 468 798 734 954 338 433 796 652 601 15 177 296 447 455 59 428 74 172 965 85 163 197 429 772 635 645 540 929 676 181 508 426 757 182 111 815 627 244 106 984 421 907 595 763 956 996 827 921 31 678 867 46 108 628 195 803 847 310 52 243 482 778 644 693 934 805 8 615 829 764 303 478 862 932 691 705 383 571 877 390 530 146 871 300 247 356 45 529 629 289 189 518 991 700 681 314 723 125 630 55 785 72 71 361 438 911 330 631 593 399 875 404 968 309 831 649 745 808 494 258 512 457 315 9 505 609 876 618 520 816 231 626 318 532 949 372 54 185 935 268 107 946 850 134 514 11 276 378 687 702 962 613 5 408 979 733 912 789 150 251 737 301 349 498 135 43 664 227 766 822 981 873 401 865 35 825 62 358 190 200 379 910 132 470 286 833 427 450 886 686 384 674 762 184 354 332 217 154 290 566 809 496 554 264 41 845 957 580 287 967 261 869 980 382 758 556 699 481 492 750 522 209 761 523 662 446 916 982 299 868 854 503 90 722 835 739 770 187 395 484 159 321 360 306 567 13 340 460 537 748 506 10 307 780 550 249 890 906 273 720 313 919 265 931 203 896 632 160 948 341 477 500 250 743 908 191 373 736 487 397 98 510 394 781 718 874 728 568 473 752 495 83 837 689 797 852 280 131 572 157 855 660 353 403 682 158 909 96 89 48 109 480 563 398 904 20 326 368 598 688 148 795 417 714 955 584 337 807 141 232 284 543 741 589 465 256 744 169 895 271 883 581 65 889 993 371 975 574 774 800 171 597 944 596 555 564 49 943 526 242 88 359 235 810 491 959 673 467 970 207 658 553 902 605 458 84 812 472 51 149 432 683 942 137 840 646 220 56 544 925 405 161 420 380 969 211 412 667 388 479 112 961 144 950 791 319 410 928 715 549 333 872 17 424 742 226 964 238 534 486 77 654 539 219 40 16 175 836 320 387 621 369 841 988 123 782 548 36 312 162 225 336 516 602 26 285 604 820 788 68 953 3 357 456 576 133 114 695 846 860 222 263 255 777 241 248 710 719 987 740 463 878 23 633 922 389 924 599 441 547 558 565 818 272 557 224 859 647 180 941 218 176 147 152 866 12 721 445 992 186 786 725 453 489 716 462 334 940 29 57 95 828 245 685 923 18 47 583 38 611 253 637 927 260 794 853 202 933 989 603 694 73 888 668 600 713 375 365 623 100 898 142 642 221 102 998 999 952 86 192 292 459 42 196 115 275 575 857 784 538 140 915 509 345 767 364 188 170 951 706 819 21 79 25 33 735 262 443 60 983 651 75 938 414 120 839 293 151 768 963 893 499 619 792 577 639 325 130 452 513 431 352 423 81 347 214 585 27 501 541 832 138 277 661 78 461 377 104 591 101 63 729 76 493 945 257 704 437 531 643 69 817 346 266 156 324 91 573 641 223 947 297 80 92 930 634 311 799 783 451 124 155 712 670 206 973 731 204 612 376 416 880 901 507 94 769 811 105 329 391 2 703 617 656 236 636 884 838 407 317 864 298 755 145 519 22 870 542 787 985 671 234 283 366 793 814 343 385 749 34 842 166 515 569 291 179 205 665 449 610 183 826 469 422 475 958 986 28 430 756 879
851 316 350 374 625 6 302 370 960 517 972 707 545 126 392 199 824 622 122 727 434 606 246 178 118 474 535 173 590 679 779 701 233 362 406 267 32 103 546 863 254 663 67 559 97 813 592 525 914 402 913 997 804 900 552 129 323 724 240 918 281 119 305 288 588 411 776 624 229 304 894 697 66 174 834 153 754 279 194 497 442 856 50 37 483 393 110 891 738 87 885 418 560 58 747 19 439 669 527 419 677 490 726 396 551 937 562 485 971 386 995 363 237 228 139 990 570 882 82 278 440 24 709 348 64 655 53 476 536 640 448 61 920 684 843 561 579 351 215 168 259 692 274 978 136 212 210 732 328 400 746 121 239 648 638 666 607 165 70 39 14 698 308 801 198 415 355 471 143 533 844 976 7 30 116 759 524 823 586 201 690 977 511 608 899 620 454 167 488 99 806 849 252 675 331 616 208 753 858 765 881 1 696 897 342 381 327 760 93 887 193 409 861 282 711 730 367 270 4 322 117 294 650 672 659 830 1000 905 594 216 128 848 936 751 502 444 917 775 113 230 295 974 966 466 773 708 892 903 587 939 425 614 339 528 926 717 269 335 821 790 213 344 653 504 436 435 44 582 657 464 127 578 164 994 413 771 680 802 521 734 798 433 338 652 601 15 796 954 177 468 455 428 59 447 296 172 85 163 965 197 772 429 74 540 181 676 929 426 508 111 182 757 645 635 244 984 106 907 763 595 996 921 827 956 421 627 815 678 867 46 108 31 803 847 52 482 243 778 693 644 310 195 805 8 934 628 829 764 303 862 691 383 705 571 932 478 146 530 390 877 615 247 300 45 356 529 871 189 289 700 991 518 629 314 723 630 125 55 681 438 361 71 72 593 631 330 911 785 404 309 968 649 745 831 808 875 399 457 512 258 9 609 505 315 494 520 618 816 876 318 532 372 949 626 231 935 185 946 107 268 850 54 11 514 276 702 687 613 962 378 134 408 912 733 150 789 979 5 737 301 135 498 43 349 664 251 822 981 873 766 865 401 227 62 825 358 190 379 132 910 200 35 833 286 427 470 384 686 674 886 184 354 332 762 450 154 290 554 41 264 845 496 809 580 957 566 217 261 967 980 869 382 287 699 556 750 492 481 758 209 761 523 522 446 982 916 299 854 868 662 90 722 770 739 187 395 484 835 503 360 306 567 13 460 748 537 506 340 321 159 307 906 890 249 550 780 10 313 720 919 203 931 632 160 896 477 341 948 265 273 743 908 191 373 250 500 487 397 781 718 394 510 98 736 728 473 568 495 837 689 797 83 280 131 852 752 874 855 660 682 158 403 353 89 48 96 909 157 572 398 904 326 20 368 563 598 480 109 795 417 337 584 955 807 714 148 688 232 543 284 465 589 581 883 271 65 895 169 744 256 741 141 993 800 774 574 975 371 889 944 597 596 555 564 171 88 359 242 526 943 49 491 810 673 959 970 658 207 467 235 902 458 812 51 472 84 605 553 432 840 137 942 544 56 220 646 683 149 420 161 969 380 211 405 388 667 412 925 144 961 791 950 112 479 410 928 715 549 319 872 424 742 17 226 964 333 486 534 539 219 654 77 16 40 238 836 387 369 841 123 782 988 621 320 175 162 225 312 36 516 602 26 285 336 548 820 68 788 953 357 576 456 133 3 604 846 695 860 222 241 248 777 255 263 719 987 710 114 463 878 23 922 924 389 633 740 547 441 272 818 565 558 599 224 859 180 647 218 941 557 147 866 152 721 12 186 992 445 176 725 489 716 453 786 940 334 57 828 95 245 29 462 47 38 253 611 583 927 637 18 923 685 794 853 260 989 933 694 73 888 603 202 713 600 623 100 365 898 375 142 668 102 221 999 86 952 42 459 292 192 998 642 784 857 538 575 140 275 115 196 509 767 345 170 188 364 915 819 706 79 33 735 262 25 21 951 983 60 651 414 938 839 120 75 443 768 963 619 499 893 151 293 325 130 639 577 513 452 792 81 423 347 352 214 585 431 832 541 277 461 377 78 661 101 591 104 138 501 27 729 493 76 437 704 531 257 643 945 63 817 266 324 573 641 91 156 223 346 69 80 92 297 311 634 930 783 799 947 155 712 973 206 731 612 204 670 124 451 901 769 94 329 105 391 811 507 880 416 376 703 656 617 636 884 236 838 2 298 864 317 145 22 519 870 542 755 407 985 671 283 234 787 793 343 814 34 749 842 385 366 569 515 166 179 665 205 610 469 826 183 449 291 958 475 986 430 879 756 28 422
1 520
500 169 515 492 4 371 314 498 227 399 471 40 172 496 349 503 327 61 479 393 451 191 463 321 370 504 7 506 22 94 13 394 113 485 344 460 75 154 430 31 57 387 395 138 90 249 294 125 359 56 181 229 17 514 25 219 322 433 197 412 429 119 483 64 495 374 416 441 282 258 226 461 179 60 157 208 419 317 129 164 2 313 133 418 66 462 182 505 445 105 257 279 315 140 281 196 264 309 168 468 340 517 316 271 81 297 307 302 423 59 210 300 77 422 454 223 491 200 518 330 85 346 201 235 187 62 162 288 358 470 53 379 174 233 43 126 148 413 436 392 159 304 356 112 123 509 333 439 444 199 405 87 211 124 222 203 406 326 480 246 353 450 237 242 254 389 46 115 467 171 325 238 184 501 362 193 3 160 27 145 278 502 20 243 449 8 465 245 165 397 207 173 152 268 338 54 136 215 107 99 469 111 378 380 384 287 142 240 301 513 409 10 134 82 437 382 180 155 128 292 434 285 28 239 293 385 332 26 36 76 432 65 121 457 42 277 355 431 92 35 408 84 324 18 122 166 401 478 213 440 283 337 37 456 39 481 516 345 70 342 488 363 428 420 348 78 426 218 361 261 493 447 141 365 339 388 411 311 11 9 443 21 110 266 489 177 220 74 34 475 16 466 15 407 225 519 47 202 106 252 228 176 108 144 303 458 263 80 334 24 91 402 151 250 410 114 425 178 390 132 212 63 6 135 156 100 323 455 137 139 45 41 427 372 291 276 272 446 352 72 209 424 262 415 381 318 117 310 442 354 286 206 86 435 484 30 253 96 185 38 398 306 368 51 104 188 464 256 459 95 273 336 147 508 255 331 507 143 5 364 453 295 33 241 367 158 270 376 417 377 308 472 474 476 396 189 298 130 477 375 473 1 88 510 97 89 186 116 244 153 102 79 170 490 236 32 267 198 482 360 230 414 328 163 127 93 55 312 296 448 146 260 161 357 343 12 103 58 275 386 248 29 205 487 329 284 335 19 421 247 305 383 49 192 511 391 98 494 69 131 109 195 289 319 52 373 44 251 520 232 224 320 183 259 486 214 512 280 400 351 366 190 497 350 204 290 83 67 341 175 48 150 118 265 50 234 403 68 120 438 101 194 499 216 269 71 231 369 217 274 23 299 347 73 221 149 404 452 167 14
327 503 61 349 479 496 451 393 172 463 191 321 40 7 504 506 370 22 471 394 13 113 94 344 485 399 430 154 31 75 387 57 460 138 395 227 359 125 56 294 181 249 17 229 90 25 514 219 498 119 429 483 412 64 197 374 495 433 441 416 282 322 461 226 258 179 314 129 317 164 419 313 2 208 418 133 66 157 505 182 462 445 60 279 257 315 105 281 140 371 517 340 316 468 81 271 168 307 297 302 309 210 59 423 300 264 454 422 223 77 491 196 85 330 346 518 201 200 187 235 4 174 379 233 53 126 43 470 413 148 436 358 304 159 392 356 288 509 123 333 112 439 162 87 405 211 199 124 444 203 222 62 246 480 353 326 237 450 406 254 242 389 492 362 501 193 184 160 3 238 145 27 325 20 502 278 243 171 465 8 245 449 165 467 152 173 207 268 397 54 338 115 99 107 469 215 378 111 136 384 380 287 46 409 513 10 301 82 134 240 382 437 142 128 155 180 292 515 76 36 432 26 121 65 332 42 457 385 431 355 277 92 293 84 408 324 35 18 239 478 401 166 213 122 283 440 28 39 456 481 37 345 516 337 342 70 488 285 78 348 426 420 361 218 428 493 261 363 365 141 447 339 434 443 9 21 11 110 311 489 266 411 220 177 74 388 16 475 466 34 15 169 144 108 303 176 263 458 228 334 80 252 402 91 24 151 106 114 410 425 250 178 202 63 212 132 6 390 156 135 47 137 455 139 323 41 45 100 372 427 291 519 72 352 209 446 262 424 272 381 415 276 117 318 310 225 435 86 484 206 30 286 96 253 354 38 185 398 442 51 368 104 306 188 407 147 336 508 273 255 95 507 331 459 5 143 364 256 33 295 453 241 464 270 158 376 367 377 417 500 1 473 88 375 97 510 477 186 89 130 244 116 153 298 170 79 490 102 236 189 482 198 267 360 32 414 230 396 93 127 55 163 296 312 328 146 448 260 476 103 12 58 343 386 275 357 29 248 161 487 205 329 474 305 247 383 421 49 19 511 192 335 98 391 494 284 109 131 195 69 289 472 232 520 224 251 320 44 259 183 373 214 486 512 52 351 400 280 366 319 350 497 204 190 83 290 308 50 265 234 118 403 150 120 68 48 101 438 194 175 269 216 499 71 341 217 369 274 231 299 23 67 149 221 404 73 452 347 14 167
1 480
306 24 416 323 349 66 127 105 426 12 359 347 122 89 395 350 389 339 342 269 355 226 74 379 231 21 337 354 52 431 43 242 270 235 353 60 112 77 86 125 128 372 336 470 130 346 126 290 440 459 362 266 463 330 282 30 314 380 308 27 40 178 331 201 471 149 271 189 356 168 50 363 311 159 44 397 340 195 384 277 225 404 469 453 79 177 414 275 163 75 220 247 299 298 265 251 141 148 94 421 467 262 80 399 137 213 427 38 88 169 405 386 64 376 360 480 345 70 198 243 382 182 252 208 369 151 196 279 221 458 450 423 147 351 200 188 289 420 317 285 4 274 104 305 183 209 260 452 63 284 49 254 67 13 316 48 100 26 68 34 293 103 155 462 367 393 445 403 36 57 15 65 212 211 3 56 318 199 391 322 239 28 184 387 327 378 186 429 172 232 419 197 41 207 110 258 204 246 152 329 35 446 58 465 398 475 451 173 425 476 179 117 192 294 174 190 401 422 296 364 206 153 253 309 171 11 413 32 324 437 264 326 116 175 348 313 234 78 51 98 244 273 61 167 300 19 343 107 20 47 400 101 272 417 139 286 136 162 219 432 332 144 138 415 245 381 259 216 444 73 191 129 283 161 181 109 412 131 263 268 435 72 154 240 142 120 6 115 158 434 82 257 9 449 238 135 85 233 250 111 23 385 335 224 468 368 228 466 406 390 315 334 297 160 95 352 295 303 99 157 237 365 205 59 170 288 325 248 410 194 304 39 17 37 438 292 210 2 477 321 307 448 229 407 319 102 18 218 341 249 150 106 29 203 287 124 165 31 180 84 97 202 145 320 366 222 121 433 478 256 370 22 479 227 16 71 42 344 312 53 388 436 81 217 383 113 280 166 96 134 91 464 267 1 241 45 214 409 119 441 424 185 461 361 447 7 69 14 25 164 281 439 223 454 373 473 5 394 276 411 108 123 261 92 377 374 143 87 328 402 8 156 375 146 46 215 456 187 460 54 301 114 93 428 76 62 230 442 333 140 371 90 302 408 255 193 358 455 430 176 10 457 396 133 474 278 118 443 310 236 132 472 392 338 357 418 33 291 83 55
349 66 323 426 12 105 359 122 347 127 416 24 339 389 350 395 355 269 226 74 342 379 354 337 21 231 431 43 52 89 242 270 306 353 60 235 470 130 336 346 126 372 440 290 459 362 266 128 380 308 314 30 331 471 201 149 178 40 271 27 282 189 50 363 168 311 356 159 330 195 340 397 384 44 225 469 404 277 463 125 453 414 177 275 79 163 86 299 247 298 220 141 251 148 94 467 421 262 265 75 399 137 80 169 88 405 38 427 376 64 360 386 213 70 345 243 182 382 198 252 480 77 221 458 279 423 147 351 450 196 200 188 151 420 289 369 285 4 317 208 274 112 183 209 305 63 49 284 254 67 13 452 316 260 26 100 34 68 293 48 462 155 393 367 403 445 36 57 103 65 15 211 212 3 318 56 199 104 184 28 186 378 327 429 387 239 419 110 258 207 41 197 204 232 172 329 152 58 446 35 465 398 451 475 246 173 425 476 322 117 192 179 190 174 294 296 422 364 206 401 153 171 11 309 253 413 32 391 175 313 78 51 244 98 273 234 61 348 300 343 19 167 47 20 107 400 101 116 417 139 136 162 286 432 219 332 272 138 144 326 259 73 444 283 129 191 161 216 181 381 412 109 131 245 268 72 154 435 240 263 6 115 158 434 120 9 257 449 238 82 85 135 142 415 233 264 23 111 468 224 228 368 335 385 406 466 315 334 297 160 390 95 250 303 295 157 99 352 237 437 288 170 325 59 205 248 304 194 410 39 17 365 324 2 210 292 321 307 477 407 319 229 102 448 341 218 18 249 438 29 106 150 203 287 37 180 202 320 145 97 366 222 478 433 256 121 84 370 31 479 22 344 42 312 71 388 53 16 383 217 280 113 81 436 96 134 166 227 464 1 267 91 214 409 45 424 185 461 441 119 361 69 7 14 447 164 25 241 439 223 281 454 165 373 124 394 123 108 411 374 143 377 328 87 92 402 261 156 8 375 276 46 215 146 187 460 456 5 76 428 62 93 230 114 442 301 333 54 371 140 90 302 408 473 193 455 358 430 176 255 457 10 278 474 118 443 133 132 472 236 310 338 392 396 418 357 291 33 55 83
2 300
181 199 285 111 4 25 299 200 120 149 270 35 139 272 76 210 283 167 222 182 141 193 91 256 106 15 146 291 251 288 152 191 205 10 224 46 87 190 50 30 89 41 100 64 65 273 202 96 213 102 228 159 160 61 136 226 92 284 95 197 93 117 14 259 198 221 166 39 282 147 195 42 126 258 254 227 71 188 168 280 150 84 289 233 36 257 144 140 238 3 236 232 45 17 114 154 231 123 81 253 175 157 57 24 241 243 186 239 163 250 223 211 292 266 214 115 43 274 60 20 276 177 78 79 220 294 103 174 271 29 132 219 31 281 97 119 104 122 8 196 249 171 260 110 113 244 62 82 118 252 9 268 298 153 151 1 162 52 130 275 94 179 80 33 300 99 290 98 263 48 158 143 169 27 67 105 13 204 131 183 128 264 112 142 229 215 156 90 208 133 194 55 6 59 286 101 206 267 73 69 26 170 51 155 116 83 54 255 269 216 121 88 262 237 47 185 38 295 108 85 77 23 37 279 21 12 209 68 72 66 109 7 125 86 245 75 32 148 34 261 176 248 189 56 297 192 53 230 137 74 28 40 70 107 247 11 235 63 22 184 278 203 5 218 234 293 164 19 161 296 277 165 287 180 173 124 129 135 58 16 225 172 207 134 44 242 178 145 138 201 18 265 127 240 217 246 2 49 187 212
252 9 118 268 82 298 62 153 244 151 113 1 110 162 260 52 171 130 249 275 196 94 8 179 122 80 104 33 119 300 97 99 281 290 31 98 219 263 132 48 29 158 271 143 174 169 103 27 294 67 220 105 79 13 78 204 177 131 276 183 20 128 60 264 274 112 43 142 115 229 214 215 266 156 292 90 211 208 223 133 250 194 163 55 239 6 186 59 243 286 241 101 24 206 57 267 157 73 175 69 253 26 81 170 123 51 231 155 154 116 114 83 17 54 45 255 232 269 236 216 3 121 238 88 140 262 144 237 257 47 36 185 233 38 289 295 84 108 150 85 280 77 168 23 188 37 71 279 227 21 254 12 258 209 126 68 42 72 195 66 147 109 282 7 39 125 166 86 221 245 198 75 259 32 14 148 117 34 93 261 197 176 95 248 284 189 92 56 226 297 136 192 61 53 160 230 159 137 228 74 102 28 213 40 96 70 202 107 273 247 65 11 64 235 100 63 41 22 89 184 30 278 50 203 190 5 87 218 46 234 224 293 10 164 205 19 191 161 152 296 288 277 251 165 291 287 146 180 15 173 106 124 256 129 91 135 193 58 141 16 182 225 222 172 167 207 283 134 210 44 76 242 272 178 139 145 35 138 270 201 149 18 120 265 200 127 299 240 25 217 4 246 111 2 285 49 199 187 181 212
2 260
161 88 52 137 162 148 193 62 21 239 158 168 182 225 67 90 107 55 57 197 8 260 230 187 5 86 191 7 100 19 157 153 20 226 51 251 115 60 199 219 145 113 98 50 30 27 129 35 58 202 64 24 69 138 73 253 188 80 29 163 99 175 74 91 198 207 56 210 31 3 53 140 71 243 164 169 126 130 12 14 110 212 259 171 131 106 159 84 181 124 42 166 128 97 33 43 94 68 206 236 217 92 149 10 229 39 178 185 18 179 85 135 9 117 111 224 1 23 167 93 101 81 125 6 121 165 141 156 209 37 249 174 25 176 116 154 17 147 96 186 82 184 11 194 32 238 196 190 41 77 180 105 235 133 215 173 252 16 4 240 45 183 150 109 46 233 132 15 102 78 211 59 114 13 195 66 172 136 103 95 49 216 83 75 61 63 245 250 170 204 228 247 203 151 242 36 200 152 160 143 258 120 244 220 139 255 221 47 89 79 65 119 87 201 70 248 118 189 234 72 177 28 223 108 205 237 146 231 48 44 214 40 232 144 104 142 34 208 127 227 213 155 22 241 134 122 26 222 123 256 38 192 257 112 218 254 54 246 2 76
161 52 88 162 193 148 137 21 158 239 182 67 225 168 62 107 57 55 8 230 260 197 5 191 86 100 157 19 7 187 90 20 51 226 115 199 60 251 145 98 113 30 129 27 50 219 58 64 202 69 73 138 24 188 29 80 99 91 74 175 163 253 35 153 207 210 56 3 140 53 31 243 169 164 130 14 12 126 71 212 171 259 106 84 159 131 124 166 42 97 43 33 128 181 110 68 236 206 92 10 149 217 39 185 178 179 135 85 18 229 117 224 111 23 93 167 1 81 6 125 165 209 156 141 121 101 9 94 198 249 25 174 116 17 154 176 96 82 186 11 32 194 184 147 196 41 190 180 235 105 77 215 252 173 4 45 240 16 133 238 150 46 109 132 102 15 233 211 114 59 195 172 66 13 78 103 49 95 83 61 75 216 245 170 250 228 151 203 247 204 63 136 183 36 152 200 143 120 258 160 220 255 139 47 79 89 221 244 119 201 87 248 189 118 70 72 28 177 108 146 237 205 223 234 65 48 214 44 232 104 144 40 34 127 208 213 22 155 227 142 134 26 122 123 38 256 222 257 218 112 54 76 2 246 254 192 241 231 242 37
