5
2 130
116 93 77 41 5 110 17 48 92 24 2 25 55 38 106 52 85 127 9 30 118 98 99 46 84 62 45 4 8 32 102 56 95 14 12 67 96 103 79 113 90 69 19 61 71 80 65 78 35 114 128 15 109 108 47 13 125 21 82 120 66 54 59 11 31 89 40 107 129 33 123 121 104 88 60 37 76 94 57 51 64 73 20 100 58 53 112 105 97 115 39 74 119 27 101 86 16 7 63 34 42 1 75 87 111 29 3 28 22 126 44 6 70 124 10 68 36 43 83 91 26 49 18 122 130 117 72 23 50 81
116 93 77 41 5 110 17 48 92 24 2 55 25 38 106 52 85 9 127 30 118 98 99 46 84 62 45 4 8 32 102 56 95 14 12 67 96 103 79 113 90 69 19 61 71 80 78 65 35 128 114 15 109 108 47 13 125 82 21 120 66 54 59 11 31 89 40 107 129 33 123 121 104 88 60 37 76 94 57 51 64 73 20 100 58 53 112 105 97 115 39 74 119 27 101 86 16 7 63 34 42 1 75 87 111 29 3 22 28 126 44 6 70 124 10 68 36 43 83 91 49 26 122 18 117 130 72 50 23 81
2 120
101 69 66 78 41 38 79 36 46 106 44 73 99 58 60 34 8 17 83 120 31 61 110 26 97 119 84 93 15 28 9 89 117 11 102 47 98 42 64 33 91 62 111 20 88 63 77 108 48 104 5 53 49 10 56 95 92 13 109 40 87 103 57 27 22 50 67 18 68 16 105 75 2 37 86 45 114 54 65 6 72 94 74 85 112 113 35 71 90 23 7 19 51 116 1 29 12 96 4 30 52 32 39 81 70 59 118 55 14 21 3 80 43 24 25 115 107 82 100 76
69 101 78 38 41 66 36 106 46 73 58 99 44 79 8 34 83 31 120 17 110 97 26 84 15 93 119 61 60 89 9 11 47 102 117 42 33 64 62 20 111 91 98 77 63 48 5 104 108 49 56 10 92 109 13 95 53 88 28 103 87 27 50 22 57 18 16 68 75 37 2 105 67 114 45 65 72 6 54 74 112 85 35 90 71 113 94 86 19 7 116 29 1 51 96 30 4 32 81 39 52 12 59 55 118 21 80 3 14 24 115 25 82 76 100 107 43 70 23 40
1 110
2 69 94 39 89 41 57 49 34 3 18 75 36 54 10 13 60 71 67 53 20 44 14 90 106 64 24 5 95 80 103 98 110 26 43 46 87 16 86 77 55 38 4 8 66 15 19 51 22 42 96 70 74 73 1 17 32 33 93 11 92 82 83 50 109 85 61 107 72 45 48 31 99 12 40 52 76 21 58 35 23 62 102 25 37 105 88 104 59 91 7 78 100 63 29 79 27 81 6 97 68 84 28 30 56 101 65 47 9 108
69 39 41 49 3 75 54 13 71 53 44 90 64 5 80 98 26 46 16 77 38 8 15 51 42 70 73 17 33 11 82 50 85 107 45 31 12 52 21 35 62 25 105 104 91 78 63 79 81 97 84 30 101 47 108 9 65 56 28 68 6 27 29 100 7 59 88 37 102 23 58 76 40 99 48 72 61 109 83 92 93 32 1 74 96 22 19 66 4 55 86 87 43 110 103 95 24 106 14 20 67 60 10 36 18 34 57 89 94 2
1 90
86 18 90 42 46 16 47 89 39 73 70 43 52 69 67 27 8 4 53 7 22 28 88 10 41 87 5 58 48 82 6 36 79 9 63 19 71 49 3 85 23 62 24 29 77 54 21 64 37 61 35 40 17 65 51 33 26 44 84 81 80 83 30 25 60 76 1 15 2 78 68 55 45 56 32 66 72 20 38 57 50 13 11 34 31 59 74 75 12 14
16 46 42 89 39 73 47 90 70 52 67 69 43 27 18 7 22 53 28 4 8 87 5 41 10 88 82 48 6 36 58 86 23 85 77 29 24 54 62 64 37 21 3 49 61 35 71 17 40 51 65 33 26 19 84 81 44 63 83 25 30 80 60 1 76 9 15 78 55 45 56 68 66 72 32 20 2 38 50 57 79 11 59 31 34 74 75 13 14 12
1 75
56 60 61 40 37 48 68 26 33 14 45 12 42 17 41 21 11 20 35 5 44 39 62 27 58 52 69 25 43 31 15 54 2 46 47 30 22 7 70 55 3 9 63 72 53 71 18 32 36 6 74 59 16 1 29 67 57 64 10 4 24 65 19 23 28 73 38 66 8 50 75 51 13 49 34
7 22 70 30 55 47 3 46 9 2 63 54 72 15 53 31 71 43 18 25 32 69 36 52 6 58 74 27 59 62 16 39 1 44 29 5 67 35 57 20 64 11 10 21 4 41 24 17 65 42 19 12 23 45 28 14 73 33 38 26 66 68 8 48 50 37 75 40 51 61 13 60 49 56 34
