5
2 240
115 152 45 36 226 231 207 5 28 125 196 172 230 186 39 87 236 11 116 162 182 159 55 22 198 128 50 201 222 121 165 53 193 158 99 240 176 107 212 97 96 144 157 227 219 70 76 237 98 189 133 143 169 101 184 137 48 73 95 214 31 154 220 185 146 56 145 94 135 229 218 110 19 43 213 149 232 234 164 100 105 104 47 224 103 41 228 114 71 127 79 112 106 92 166 235 195 82 139 15 81 72 91 33 141 178 151 120 78 160 86 203 113 69 21 26 66 205 9 57 29 30 49 67 12 148 124 122 93 132 77 37 163 138 118 177 123 170 90 64 89 150 223 20 8 54 221 208 111 84 199 108 6 1 7 142 2 83 161 102 233 167 238 215 75 147 131 119 179 155 27 216 25 117 16 209 14 65 35 192 126 13 130 140 34 85 181 61 204 217 17 51 38 206 168 4 239 23 80 24 200 59 42 52 183 211 46 202 88 40 194 187 153 197 3 175 68 10 74 188 44 173 32 180 171 191 58 174 62 190 156 136 134 63 60 210 109 225 129 18
78 120 151 160 86 203 178 141 113 33 69 91 21 72 81 15 26 66 205 9 57 139 82 29 195 30 49 235 67 166 92 106 112 79 127 12 71 114 148 124 122 93 228 41 132 103 77 37 163 138 118 224 47 177 104 105 123 170 90 64 100 164 89 150 223 20 234 232 8 54 221 208 149 111 84 199 213 43 19 108 110 218 229 6 1 7 135 94 145 142 2 56 83 161 146 102 233 185 167 220 238 215 75 147 154 131 119 31 214 95 179 73 155 27 216 25 48 117 16 137 209 14 65 35 184 192 126 101 169 13 130 143 140 34 85 133 189 98 181 61 237 76 204 217 70 17 219 51 38 227 206 168 157 144 96 4 97 212 107 176 239 23 80 24 240 200 99 158 59 42 52 193 53 165 183 121 222 201 211 50 46 202 88 40 194 187 128 198 22 153 55 197 159 3 182 175 68 162 10 74 188 116 11 236 44 173 32 87 180 171 191 39 186 58 230 174 172 196 62 125 28 190 156 5 207 231 136 134 63 60 226 36 45 152 210 109 225 115 129 18
1 200
3 189 162 94 49 120 31 77 25 35 119 52 88 157 92 131 161 16 63 124 159 173 44 180 55 18 168 64 30 21 107 10 198 78 114 199 90 40 4 82 144 33 193 164 9 194 132 118 37 167 17 95 153 12 69 126 182 38 196 160 135 115 41 184 29 183 98 110 47 59 57 174 122 13 105 50 142 14 147 141 192 163 61 99 140 96 42 66 53 177 65 43 28 84 125 5 154 32 11 136 15 148 130 152 76 89 139 87 67 133 97 190 128 181 71 68 127 117 8 6 75 178 195 108 145 83 134 60 138 51 72 100 26 129 200 113 186 73 80 106 24 48 74 20 156 54 191 36 7 91 112 62 116 46 179 19 143 146 45 58 1 86 149 101 79 169 85 27 171 172 70 185 109 150 121 155 165 175 81 151 137 123 22 102 187 197 103 23 176 2 188 93 56 39 158 111 170 166 104 34
162 25 35 52 88 157 131 16 124 159 173 44 180 55 18 30 10 114 199 90 40 82 33 9 194 37 167 95 153 12 69 126 38 160 135 115 29 47 59 105 14 147 141 192 163 61 99 42 66 65 43 28 125 5 32 11 136 15 130 67 133 68 127 6 75 195 108 145 134 60 51 129 113 186 80 74 20 156 54 62 116 46 45 58 101 169 27 70 185 109 155 81 137 22 187 103 176 188 56 158 111 170 34 104 166 39 93 2 23 197 102 123 151 175 165 121 150 172 171 85 79 149 86 1 146 143 19 179 112 91 7 36 191 48 24 106 73 200 26 100 72 138 83 178 8 117 71 181 128 190 97 87 139 89 76 152 148 154 84 177 53 96 140 142 50 13 122 174 57 110 98 183 184 41 196 182 17 118 132 164 193 144 4 78 198 107 21 64 168 63 161 92 119 77 31 120 49 94 189 3
2 180
105 110 163 176 108 83 44 40 94 166 113 101 129 24 155 70 130 9 8 131 179 169 38 159 81 57 114 34 144 2 66 149 161 74 106 111 107 141 64 134 60 55 1 11 39 46 122 151 133 139 97 31 10 100 99 15 119 157 173 138 69 88 116 102 180 58 65 98 132 20 143 62 73 68 174 23 126 124 158 33 67 35 93 112 72 162 170 121 4 154 175 3 76 27 77 109 171 54 79 104 123 142 75 148 172 59 136 145 147 82 96 53 13 80 28 45 63 7 19 47 177 26 140 178 146 167 18 103 125 21 52 37 30 168 95 90 156 6 42 152 137 16 5 115 41 153 17 12 25 91 61 118 48 32 165 43 86 92 71 51 22 14 135 36 150 78 117 127 85 128 160 29 87 89 56 49 50 84 120 164
123 104 142 79 75 54 171 148 109 172 59 77 136 27 145 147 76 3 82 175 96 154 53 13 80 28 45 4 63 121 170 162 72 7 112 93 35 19 47 177 67 33 158 124 126 23 26 140 178 174 146 68 73 62 143 20 132 98 167 18 65 103 125 21 52 58 180 102 116 37 88 69 138 30 173 157 168 119 15 95 99 90 156 6 100 10 31 42 152 137 97 16 139 133 5 115 41 153 151 17 122 12 46 25 39 11 1 55 60 91 134 64 141 61 118 107 111 48 106 32 165 74 43 161 86 149 92 66 71 51 2 22 14 144 34 114 57 81 135 159 38 36 169 179 150 78 117 131 8 9 130 70 127 155 24 129 85 128 160 101 113 29 166 87 94 40 89 44 56 83 108 49 176 163 110 50 84 120 164 105
2 160
112 100 90 14 108 41 5 30 24 85 9 106 152 18 16 102 125 129 121 8 88 127 65 43 135 76 79 87 151 105 131 69 29 12 67 145 153 4 114 17 104 27 115 94 143 47 84 80 99 133 148 126 96 78 123 51 21 19 36 57 132 155 52 72 37 86 98 63 6 95 1 159 124 119 53 26 48 46 20 89 25 144 109 66 50 97 15 139 136 147 34 149 81 11 120 146 82 128 22 77 116 42 44 32 73 107 61 74 138 113 3 49 62 38 140 64 137 150 130 158 31 35 55 103 141 157 2 59 28 39 70 13 142 7 134 111 33 93 58 118 56 160 110 83 45 117 154 91 122 68 101 60 156 10 75 92 23 40 54 71
112 90 14 100 24 30 5 41 9 85 108 152 102 16 18 129 8 127 43 65 88 121 125 106 87 79 76 69 131 29 12 105 151 153 145 67 135 114 104 17 94 143 115 47 27 4 84 99 148 78 96 123 21 19 36 57 132 52 98 86 6 63 37 72 124 159 53 48 26 119 1 95 20 89 46 155 51 126 133 80 66 109 144 97 136 139 34 147 149 11 146 82 128 120 81 15 50 77 42 116 44 22 107 74 61 113 3 49 138 73 38 62 137 64 158 130 31 150 35 140 32 141 103 55 28 59 2 70 142 7 13 39 111 93 33 58 134 157 160 56 110 83 117 154 122 68 91 60 101 10 92 23 75 156 71 54 40 45 118 25
1 140
60 12 28 61 58 21 40 14 48 17 89 36 95 98 44 42 70 18 122 43 31 4 88 85 20 38 78 67 26 57 121 63 102 46 92 135 64 101 69 139 90 118 73 3 2 96 30 76 109 82 9 140 8 127 103 106 108 80 81 51 114 65 15 113 115 94 66 74 59 41 125 27 105 35 116 120 137 53 128 45 112 124 136 77 119 79 86 37 49 72 54 99 55 7 47 91 34 50 29 56 83 75 104 110 84 129 23 32 100 33 130 87 22 1 19 71 10 138 107 39 11 68 13 52 133 25 132 111 93 97 16 131 123 134 6 5 62 126 24 117
21 58 40 14 61 89 36 17 95 44 98 18 122 70 42 48 28 4 85 20 88 31 26 67 57 78 38 63 121 43 135 69 139 101 90 64 118 92 2 96 30 3 76 73 46 9 140 82 8 109 106 103 127 102 80 51 114 81 108 15 113 65 12 105 27 125 41 35 116 59 53 137 128 120 74 124 112 45 119 77 136 66 86 49 37 79 54 72 55 99 7 47 94 50 34 29 91 56 115 84 110 23 129 32 104 33 100 75 19 1 22 107 138 39 10 11 13 68 71 52 133 25 87 93 111 16 97 132 131 130 134 123 83 6 60 62 5 126 117 24
