5
2 40
21 26 30 24 12 11 8 3 18 28 2 29 1 14 10 25 22 20 39 6 36 13 35 15 33 7 31 27 38 32 16 17 40 23 4 19 9 5 37 34
30 24 26 8 11 12 21 18 3 2 14 1 10 29 28 20 22 39 6 36 25 15 35 7 33 27 32 38 31 40 23 17 19 34 37 5 9 4 16 13
1 44
2 14 34 41 27 16 10 5 25 24 3 30 31 42 6 28 38 8 9 37 11 7 33 18 44 43 40 36 13 20 15 12 19 26 1 29 4 22 39 32 35 17 23 21
7 33 11 18 37 44 9 43 8 40 38 36 28 13 6 20 42 15 31 12 30 19 3 26 24 1 25 29 5 4 10 22 16 39 27 32 41 35 34 17 14 23 2 21
1 36
28 31 15 19 9 8 36 2 6 1 34 5 18 16 32 20 30 17 3 27 14 4 29 33 7 23 13 10 12 26 21 25 22 11 24 35
2 36 6 8 1 9 5 34 19 16 18 32 15 17 30 3 20 27 31 33 29 4 7 14 13 23 28 21 26 25 12 11 22 10 35 24
2 48
43 9 15 2 37 25 45 6 36 35 46 14 47 44 38 28 7 18 5 17 42 40 30 19 10 27 39 1 48 32 13 8 21 33 16 41 34 11 31 22 24 4 3 23 20 29 12 26
9 43 37 2 15 6 45 46 35 36 25 44 47 7 28 38 17 5 30 40 42 18 14 27 10 48 1 39 8 13 16 33 21 32 11 34 24 22 31 23 3 29 26 12 20 4 41 19
1 30
25 27 17 9 19 29 23 24 22 7 26 20 4 28 15 18 1 16 8 14 30 2 3 21 6 11 12 10 5 13
9 17 19 27 22 26 7 20 4 24 28 15 23 18 16 8 14 1 29 30 2 11 6 21 3 5 10 12 25 13
