5
2 28
18 9 12 21 26 5 4 24 7 2 19 17 16 28 13 20 23 10 8 11 14 6 27 1 3 25 15 22
9 18 21 5 26 12 7 24 19 16 17 2 4 20 13 10 11 8 23 6 1 27 25 22 15 3 14 28
1 26
8 6 3 1 24 13 5 17 23 25 26 2 16 10 15 12 11 21 14 7 18 20 19 9 4 22
6 1 13 17 25 2 10 12 21 7 20 9 22 4 19 18 14 11 15 16 26 23 5 24 3 8
1 25
10 2 17 11 13 19 1 14 23 6 20 4 24 15 7 5 22 18 9 25 8 3 21 12 16
1 19 14 13 23 11 20 6 17 24 4 15 2 22 5 18 7 9 10 3 8 21 25 16 12
1 24
23 1 20 14 13 21 4 22 11 15 2 16 3 7 9 17 19 24 8 18 6 12 10 5
16 3 2 7 15 9 11 17 22 19 4 24 21 8 13 18 14 6 20 12 1 10 23 5
2 22
22 16 5 19 18 9 10 14 12 11 20 3 17 4 15 8 1 7 21 6 13 2
22 16 19 18 5 11 12 14 10 3 4 8 1 15 6 21 2 13 7 17 20 9
