5
2 290
101 9 155 18 225 34 6 256 174 275 93 262 50 100 180 210 114 62 175 5 260 36 267 224 48 257 288 121 72 159 290 172 228 178 274 184 173 98 183 104 40 162 106 152 136 73 63 269 227 240 2 281 120 75 206 150 17 177 59 116 92 83 245 46 77 233 90 94 21 156 99 53 197 60 131 25 39 1 158 146 191 88 231 251 192 199 161 285 105 234 112 202 278 143 272 67 70 71 32 42 237 26 79 135 214 151 127 139 282 47 80 170 287 147 138 205 133 259 109 194 230 277 7 76 23 222 212 57 223 68 188 198 61 15 134 119 30 3 16 49 148 43 10 164 242 254 110 181 66 169 41 204 271 24 166 107 241 249 55 208 193 268 28 64 122 187 115 56 217 229 124 4 221 144 111 140 280 258 176 261 185 218 196 160 266 250 38 157 232 182 276 78 89 69 284 65 125 11 239 189 220 190 216 244 20 203 130 97 137 14 103 33 246 51 255 123 8 219 279 44 153 286 19 226 81 201 145 270 243 117 142 168 96 213 264 163 29 200 186 95 84 283 87 54 265 252 207 248 171 35 126 52 82 27 253 215 154 167 31 37 91 85 22 13 179 165 209 149 108 236 74 132 238 102 86 273 263 247 118 45 12 235 129 128 211 58 195 113 141 289
148 49 16 3 30 43 119 10 164 134 15 242 254 61 198 110 188 68 181 223 57 66 212 222 23 76 169 41 204 271 24 166 107 241 7 277 249 230 194 109 55 208 259 193 268 28 133 205 138 64 147 287 122 170 80 187 115 56 47 282 217 139 127 229 151 124 214 4 221 135 79 144 26 237 111 140 280 258 176 261 42 185 32 218 71 196 70 160 67 266 250 272 38 143 278 202 112 157 232 182 276 78 89 69 234 105 285 161 199 192 251 284 65 125 231 88 11 239 191 146 189 220 190 216 244 158 1 39 25 131 60 20 203 197 53 99 130 156 21 94 97 90 233 137 77 14 46 103 33 246 51 245 83 255 92 123 8 219 279 44 153 116 286 19 59 177 17 226 81 201 150 206 145 75 120 281 270 243 117 142 168 2 96 240 227 269 213 63 73 136 264 152 106 163 162 40 104 29 183 98 173 200 184 274 186 95 84 178 228 283 87 54 265 172 252 290 207 159 248 171 72 121 288 35 126 257 48 224 52 82 27 253 215 267 36 260 154 5 167 175 31 37 62 114 91 85 22 13 210 179 165 209 180 149 108 100 236 74 50 132 238 262 102 86 93 273 263 247 118 275 45 174 12 235 256 6 129 34 225 18 155 9 128 211 58 195 113 141 101 289
2 260
178 32 39 91 206 73 144 24 41 27 197 141 176 126 186 163 14 64 228 138 111 104 133 89 249 80 147 72 257 44 243 227 33 37 34 247 168 53 196 230 191 241 68 210 21 74 105 153 46 171 18 183 88 205 250 92 9 52 84 140 215 30 48 77 100 8 233 23 185 189 75 239 36 123 152 182 79 258 146 61 85 244 38 180 256 120 59 181 232 29 211 55 62 5 6 190 248 42 188 201 139 115 223 128 254 154 134 204 26 161 2 150 130 113 142 47 224 229 132 43 260 235 50 125 81 195 131 107 177 237 160 127 252 198 158 45 110 193 226 208 121 251 101 222 225 98 213 83 172 143 56 60 220 156 65 207 214 137 94 99 12 86 4 1 82 114 31 253 19 87 167 259 108 71 202 119 255 112 58 238 35 124 116 216 10 69 212 199 51 155 122 22 54 173 117 15 246 165 13 78 66 187 170 103 96 28 76 234 135 159 109 221 194 231 70 145 179 175 209 162 149 129 240 93 63 16 11 203 95 90 148 219 7 136 166 157 118 151 17 217 218 67 192 174 200 25 3 236 164 20 57 184 169 102 49 106 40 245 242 97
39 206 144 27 186 111 89 243 168 230 74 92 140 48 8 233 75 182 59 29 190 42 188 223 134 150 2 47 107 160 252 127 251 225 83 172 213 143 98 60 56 222 101 121 220 156 208 226 193 65 207 110 137 214 45 158 94 198 237 177 99 86 12 131 4 195 81 125 50 235 260 1 43 132 229 82 114 31 253 87 19 167 224 142 113 130 259 161 108 26 71 202 255 112 119 238 35 58 204 124 116 154 10 216 69 254 128 115 199 212 51 139 22 122 155 201 248 6 54 5 173 62 117 55 211 232 15 181 120 246 165 256 180 38 244 85 61 146 258 13 78 79 152 123 187 66 103 170 96 36 28 76 135 234 239 189 185 23 159 109 100 77 30 221 215 194 231 84 70 52 9 250 205 88 183 145 179 18 171 46 209 175 153 105 21 210 68 241 191 196 53 247 162 149 129 240 34 93 63 16 37 33 227 11 95 203 44 148 90 257 72 147 136 7 219 80 166 157 249 118 133 104 151 217 17 218 67 192 200 174 138 228 25 3 236 64 14 164 163 20 184 57 126 176 102 169 141 49 197 41 106 24 40 245 73 97 242 91 32 178
1 240
65 103 79 229 18 200 194 40 106 234 116 38 8 175 118 214 148 228 98 86 48 227 231 184 185 5 171 71 151 20 196 69 22 112 63 146 64 78 73 46 205 240 29 166 211 25 141 199 137 197 165 136 135 19 49 97 163 44 212 145 88 76 54 43 140 13 153 220 66 128 96 10 74 9 15 191 152 75 150 159 177 31 230 21 35 70 131 33 133 108 123 107 169 3 223 105 186 83 12 158 210 1 36 236 28 26 72 217 77 193 178 95 142 138 101 233 87 59 120 139 41 7 204 161 122 57 51 6 37 172 32 126 168 100 56 170 42 34 14 224 225 114 24 45 235 55 218 93 213 52 232 203 209 226 58 124 144 130 50 129 115 132 30 53 119 149 174 206 80 216 109 113 125 102 47 208 183 156 187 201 173 90 189 207 23 162 190 127 27 117 2 104 167 192 91 82 238 67 180 11 99 198 195 181 202 61 121 154 147 134 219 215 62 160 110 68 222 16 84 85 182 239 89 92 221 4 155 94 60 111 237 188 157 81 164 39 143 179 17 176
18 40 234 116 175 118 148 228 98 86 48 231 184 171 196 69 22 146 73 205 240 211 199 137 97 44 145 76 54 140 153 66 96 10 74 191 152 75 159 21 70 133 108 123 169 3 223 158 210 1 26 77 178 95 101 233 87 41 7 57 51 32 168 34 14 225 235 55 218 213 203 124 129 115 119 149 174 109 102 208 156 23 162 127 117 2 167 192 91 82 67 99 198 195 181 202 61 121 154 219 160 110 68 84 239 89 4 155 94 111 188 157 164 39 179 176 17 143 81 237 60 221 92 182 85 16 222 62 215 134 147 11 180 238 104 27 190 207 189 90 173 201 187 183 47 125 113 216 80 206 53 30 132 50 130 144 58 226 209 232 52 93 45 24 114 224 42 170 56 100 126 172 37 6 122 161 204 139 120 59 138 142 193 217 72 28 236 36 12 83 186 105 107 33 131 35 230 31 177 150 15 9 128 220 13 43 88 212 163 49 19 135 136 165 197 141 25 166 29 46 78 64 63 112 20 151 71 5 185 227 214 8 38 106 194 200 229 79 103 65
2 220
83 4 114 119 47 6 159 53 145 169 35 125 204 203 16 133 112 196 94 143 22 211 202 84 162 171 136 146 25 209 200 52 135 8 210 106 70 163 147 20 113 57 72 194 168 117 148 82 172 157 41 215 154 36 37 173 103 129 110 201 17 29 61 21 197 153 111 54 126 220 118 167 170 96 33 217 165 50 184 11 188 62 39 161 218 101 109 38 160 107 86 49 32 3 55 60 128 43 27 100 158 149 81 1 219 75 71 28 144 2 152 98 189 105 137 177 166 99 132 120 65 18 195 46 151 48 192 15 214 175 51 124 45 130 91 80 42 142 24 180 212 56 134 102 116 141 150 131 34 90 78 85 127 31 67 92 208 66 26 40 59 205 95 76 179 186 185 12 63 104 191 190 30 10 174 23 181 155 178 164 73 216 88 14 206 5 89 121 58 44 193 183 156 9 108 140 68 198 79 138 182 87 176 207 122 74 213 64 19 69 123 77 7 199 187 93 139 115 13 97
4 83 47 119 6 159 145 53 35 203 204 94 196 112 133 22 84 162 202 211 171 143 16 125 136 169 25 135 52 200 209 70 106 210 147 163 20 57 113 8 194 117 82 148 168 157 41 36 37 129 103 110 173 154 215 172 72 146 114 29 61 21 153 54 111 118 220 126 197 17 170 96 33 50 188 11 161 39 62 184 165 218 38 160 109 86 60 55 3 27 100 43 128 32 49 107 101 217 149 81 158 75 219 28 152 2 189 98 144 71 177 166 137 132 65 18 195 120 99 151 192 48 175 214 15 124 130 45 80 42 91 51 46 180 24 212 102 134 141 150 34 131 127 85 31 78 90 116 56 208 92 26 40 205 59 66 95 12 63 185 104 186 179 76 67 190 174 10 30 164 178 155 88 216 73 181 206 5 121 89 14 23 44 156 183 193 140 108 79 87 176 182 138 207 74 64 213 122 198 19 7 77 123 69 68 199 139 93 97 13 115 187 9 58 191 142 105 1 167 201
1 200
155 169 96 194 87 68 52 179 62 11 197 165 111 184 124 154 189 200 130 136 42 28 17 4 107 188 53 18 132 46 153 39 26 126 43 10 122 83 98 89 27 110 104 31 22 51 88 161 41 49 145 6 164 182 69 59 138 80 65 109 19 85 195 76 143 8 20 192 119 190 100 50 1 64 33 131 121 94 105 175 5 125 199 186 30 166 174 99 79 24 61 73 3 82 38 35 36 86 114 9 13 144 152 16 72 135 34 70 78 108 150 181 66 142 127 57 172 149 173 21 92 7 187 23 137 48 81 63 140 67 32 170 56 84 115 163 133 37 180 113 157 120 95 160 146 162 45 112 60 159 55 29 101 71 191 177 116 196 123 151 147 183 90 77 167 185 193 25 97 139 156 14 148 58 103 178 176 198 91 102 47 40 141 117 2 158 128 134 74 54 93 75 106 15 129 118 171 44 12 168
52 68 179 87 194 165 197 184 111 11 62 96 130 200 189 136 42 154 124 169 53 46 132 153 18 39 188 126 26 107 43 10 83 98 122 4 27 51 22 88 31 104 161 110 49 145 41 164 6 89 182 69 59 17 19 109 76 195 192 20 8 119 143 100 190 1 50 64 85 131 33 65 121 80 186 199 166 30 99 174 125 79 24 5 38 35 82 3 73 36 61 9 13 114 144 152 16 86 175 78 70 108 181 150 66 34 135 127 57 142 172 149 72 92 21 173 105 23 187 48 137 7 63 140 81 67 94 170 32 84 56 115 138 133 163 180 37 113 28 120 157 155 45 55 29 101 71 159 60 112 116 177 123 151 196 147 191 162 183 90 77 146 167 97 139 25 156 14 148 193 103 58 185 178 160 198 176 91 102 95 117 158 2 128 141 40 54 74 93 134 75 47 15 171 44 118 129 106 12 168
