5
2 1400
305 706 40 1079 524 1216 1269 1268 1231 724 277 311 971 704 1215 367 306 1131 228 560 47 926 75 340 670 482 626 1264 959 886 1018 697 396 1373 509 466 1061 1195 983 103 433 1088 472 599 178 1183 717 342 518 130 267 732 728 134 365 795 653 481 334 525 330 743 533 885 920 1325 619 143 1070 668 915 144 70 1297 888 906 769 712 1156 1136 993 794 852 871 1152 725 177 995 1027 614 78 104 404 873 327 338 435 846 859 110 1202 534 426 1361 1260 1074 410 943 1158 350 967 990 695 199 275 224 624 9 398 721 951 1386 879 816 10 1279 111 301 459 1107 1029 463 372 815 1213 72 1313 159 273 151 1304 1174 58 1232 578 198 63 265 1102 437 848 1177 917 37 1146 373 462 889 641 259 733 461 95 312 1385 1011 1328 884 642 252 65 155 1019 84 1166 694 370 504 607 1084 401 758 737 1248 1167 804 1036 1176 325 849 451 716 942 378 1066 685 767 908 19 726 784 96 366 1181 196 1278 868 232 778 284 114 1346 772 579 1242 14 309 689 562 766 254 1179 1006 171 645 146 744 21 727 791 34 810 965 1219 1125 612 1141 625 532 212 260 1338 785 308 1193 479 677 1375 31 809 903 44 458 546 977 557 156 1241 1247 760 1383 929 418 154 209 1186 1283 168 428 729 1191 125 506 22 379 35 549 656 188 132 996 1134 422 628 1223 838 822 1194 1249 1133 448 687 1080 253 1371 15 483 710 1075 1243 997 1078 966 673 958 542 538 1115 584 1212 218 1119 627 1000 1046 1280 1377 314 731 1024 412 820 280 1315 1295 1206 468 847 654 27 434 1112 702 108 343 1089 447 352 1127 89 1082 1052 206 1218 1252 586 1394 337 680 1235 302 1189 521 602 1026 918 377 475 1108 972 1298 1341 387 1040 1340 1060 1143 1357 960 1352 202 251 292 391 1398 1197 1392 831 465 1022 158 256 771 633 454 127 439 1049 1150 773 122 382 513 136 827 988 1237 563 399 1169 957 596 1292 1113 754 161 1073 1233 763 46 1140 250 657 688 539 13 261 1286 460 955 1068 270 883 230 29 1239 210 887 1289 417 392 30 910 272 1116 1399 1230 875 291 759 1142 1321 1324 1163 424 1 1351 927 591 215 1312 1349 840 610 109 71 1222 948 1217 6 1109 1130 440 226 1296 278 186 425 1376 952 837 911 1207 360 316 231 571 116 1261 195 222 336 1098 962 662 671 1329 941 741 371 90 175 119 876 492 843 53 335 982 1111 344 262 493 684 608 749 664 11 802 374 1184 556 269 1265 574 659 663 207 527 347 245 978 106 1028 937 85 786 358 438 842 678 649 51 82 780 266 505 423 928 393 757 498 938 615 87 388 395 1358 81 357 1284 153 298 236 1103 1051 1334 1083 858 573 1171 1272 48 409 637 855 511 922 296 183 632 1229 431 588 833 770 97 742 1039 1185 1204 891 567 564 55 258 691 1160 1201 346 1190 814 1240 529 1380 969 1370 1180 375 1254 1360 430 648 1035 180 49 1020 117 939 1032 940 836 414 436 1095 234 1114 699 1270 715 968 961 419 123 672 363 1149 1144 211 683 621 618 865 1182 768 692 874 1021 69 1310 200 376 1303 281 170 661 1044 73 1178 1210 1172 1311 1139 354 861 24 1120 464 594 107 598 149 980 326 1001 120 787 450 126 1129 1064 485 1087 572 682 829 1100 870 1081 1013 835 293 655 91 140 1199 457 535 507 1010 495 698 443 403 811 113 1308 313 1290 1175 1367 711 629 181 1086 907 1306 1245 798 1188 1200 157 268 4 1282 474 1168 60 484 264 299 1037 1063 914 1153 12 606 164 184 643 216 54 39 781 531 381 303 933 609 1257 1393 1316 362 750 925 322 145 20 502 1050 490 205 723 86 735 623 1208 821 508 616 163 16 1124 50 1017 324 1203 287 1007 408 467 142 68 1161 118 541 471 129 776 452 999 1209 595 919 1226 469 138 386 1323 718 331 936 1135 383 1165 43 745 77 501 45 23 413 1347 328 3 28 1378 239 1253 1369 935 1057 1122 76 1067 5 896 1106 646 1350 658 945 333 390 1059 583 801 1151 2 998 561 8 651 420 650 1396 310 585 792 235 931 631 981 1038 499 1093 782 946 547 1014 385 1009 455 1110 1162 1379 713 1220 1101 1069 1085 1094 187 799 954 441 1354 751 1238 276 1255 1391 1224 515 203 762 214 634 318 1342 1214 407 597 1187 1244 975 554 351 1104 1266 1381 1337 1105 93 1344 635 844 473 1155 856 893 99 793 88 380 555 1267 1076 693 128 190 765 1388 897 601 320 869 537 115 1332 806 991 247 930 290 406 832 707 1326 582 644 1387 416 734 179 1053 825 1077 639 1031 1157 944 973 1322 600 1359 285 152 1299 900 197 705 503 665 949 850 738 478 1236 851 1030 1400 98 575 1054 669 667 307 1003 826 1192 970 660 1159 26 622 83 494 59 1071 756 1356 1382 652 56 1364 853 714 353 61 182 237 1205 317 1008 530 169 172 1259 1285 552 516 488 913 147 559 1211 824 932 1288 890 1355 1173 173 878 300 1145 100 421 1301 221 162 369 1256 121 789 553 592 1117 722 964 605 986 64 953 857 17 796 1225 779 52 676 679 321 1198 808 895 526 1043 812 517 636 587 934 62 150 864 219 514 1251 775 1012 405 590 956 1343 38 540 282 67 708 66 923 1287 415 57 1221 225 709 1096 1065 1327 148 630 894 220 790 1307 719 647 139 208 160 137 241 841 1196 166 593 397 304 1335 271 1004 813 882 566 701 519 1271 839 551 240 522 497 356 736 1034 345 1384 570 987 613 674 453 105 974 881 389 523 1072 1123 18 348 7 947 32 1138 1148 1137 604 818 1099 536 394 124 1005 274 213 1047 491 830 666 1016 1362 558 42 192 803 295 167 1262 446 1294 223 487 924 112 101 364 1317 617 800 1097 1397 950 1293 901 248 444 189 880 1331 589 355 445 1372 746 904 761 1058 1389 675 133 242 476 1309 289 568 1348 243 233 1170 1025 204 898 1300 512 777 185 1273 1154 909 912 201 341 1132 740 1390 1164 1048 854 297 548 902 319 748 1263 834 332 739 102 1318 985 807 730 797 255 402 1234 510 1330 361 359 696 1320 141 427 1015 788 1365 257 774 315 1041 174 963 74 1274 329 720 449 1363 755 432 1023 1121 581 580 1353 217 1345 1062 690 500 863 872 283 520 411 323 1302 1366 576 1033 131 877 489 992 921 1333 286 176 1368 783 899 989 227 817 442 135 368 400 1374 1246 1339 1276 1126 805 681 294 246 92 544 1091 686 1277 244 1336 620 752 477 819 700 165 892 33 229 470 1002 1281 1042 1275 747 1147 1055 193 823 753 339 1305 867 603 543 764 845 565 1319 1314 349 1227 703 1118 545 528 862 36 486 279 1395 496 249 25 640 638 984 1128 384 994 480 577 80 41 979 916 569 191 1056 1092 828 866 976 456 860 550 263 1291 1258 429 1228 238 288 94 1045 1250 194 1090 79 905 611
706 40 1079 305 1269 1216 724 1231 1268 524 704 971 367 1131 560 926 75 47 228 340 482 670 306 1215 311 1264 886 959 697 1373 396 1018 1061 1195 1088 599 472 433 103 983 466 509 717 342 130 518 1183 134 728 795 365 481 653 525 743 330 334 732 533 267 178 626 1325 143 668 1070 619 915 70 888 1297 712 1156 769 906 993 794 1136 144 871 725 995 177 1152 614 404 104 78 327 338 873 1027 435 852 920 885 859 110 534 1202 1361 1074 410 943 1260 990 695 967 350 1158 426 846 275 199 9 398 951 1386 721 624 10 816 111 1279 301 459 1029 372 815 463 1213 1107 151 273 159 1313 72 1174 58 1232 198 63 578 437 1102 265 848 1304 37 641 889 462 373 1146 917 733 259 1177 312 95 1385 1011 642 252 884 65 155 84 694 1166 504 1084 607 370 737 1167 1176 1036 804 1248 758 451 716 378 942 849 325 401 1019 908 767 726 96 366 196 1181 784 19 685 868 778 232 114 772 1346 284 1278 1066 1328 1242 309 766 562 689 14 254 645 171 1006 744 727 21 146 810 34 965 791 1179 1125 1141 625 612 212 532 1219 1338 785 479 1193 809 903 31 44 1375 977 557 546 1241 156 458 677 308 260 579 461 879 760 418 929 154 1383 1186 168 1283 1191 729 428 209 506 22 549 35 188 132 656 422 1134 838 1223 628 996 379 125 1194 448 1133 687 1249 15 1371 483 253 1075 997 1243 710 673 966 958 584 1115 538 542 218 1212 1119 1000 1046 1377 314 1024 731 1280 820 280 1295 1315 412 627 1078 27 654 847 468 702 1112 108 434 447 1089 1127 89 1218 206 1252 1052 1082 352 343 1206 1394 1235 680 337 302 521 1189 1026 377 475 918 602 1298 972 1040 387 1341 1143 1060 1357 1340 1108 586 391 1398 292 251 202 1352 1392 465 831 256 771 158 127 439 1150 1049 513 382 122 773 827 563 1237 988 136 454 633 1022 1197 960 957 1169 596 1113 161 1073 754 1292 399 763 250 657 1140 46 13 1286 261 539 460 688 1068 883 29 230 270 955 887 392 417 1289 210 1239 272 1116 1230 1399 910 1324 424 1163 1321 1351 1 591 215 927 1349 840 1312 1142 759 291 875 109 948 1222 71 6 1217 1130 1296 226 440 1109 186 278 1376 952 425 911 316 360 116 1261 571 222 962 1098 671 662 336 195 231 1207 941 1329 741 837 610 30 90 876 119 53 982 335 843 492 175 344 493 262 608 749 684 1111 802 11 374 664 1184 574 1265 269 527 207 978 245 106 347 663 659 556 937 85 786 358 678 649 842 51 438 1028 780 266 928 757 393 423 498 615 388 1358 357 81 395 87 938 505 298 153 1103 1051 1334 858 1083 236 1284 573 82 371 1233 1080 822 409 48 637 1272 511 296 922 183 855 431 833 588 1229 1039 742 97 1204 891 1185 564 567 691 258 1201 346 1160 814 1240 529 1190 55 969 1180 1360 180 1035 648 430 1254 375 1020 49 1032 939 117 1370 1380 836 414 436 1095 940 770 632 1114 699 234 1171 1247 224 968 715 961 1149 363 672 1144 123 211 618 1182 865 621 683 419 692 1021 874 768 69 200 1310 281 661 170 1303 1044 1178 1210 1311 1172 861 1120 24 354 464 1139 107 980 326 1001 149 598 594 120 450 126 787 1064 485 1087 1129 682 1100 1081 1013 870 829 91 655 1199 457 140 293 535 698 495 1010 507 835 811 113 403 1290 1175 313 629 711 1086 181 907 1367 798 1200 268 157 1188 1245 1306 1308 443 474 1168 1282 484 60 4 572 73 264 376 1270 277 1037 1153 914 12 1063 643 184 164 39 54 781 381 531 1393 1257 609 1316 925 750 322 362 933 303 216 20 145 606 1050 205 86 735 623 1208 723 490 508 163 616 50 1124 16 1203 324 1007 467 408 287 1161 68 118 142 1017 776 129 471 999 595 1209 452 541 821 502 469 1226 386 718 1323 331 138 383 745 501 45 77 43 1165 1135 936 413 3 328 239 1253 1378 935 1057 1369 28 1347 76 896 1106 5 658 945 1350 646 1067 1059 390 801 2 1151 998 8 561 583 333 1122 1396 310 650 420 631 981 931 1038 499 235 792 782 547 1009 385 1014 946 455 1110 1093 1379 713 1101 1069 1085 1094 799 954 187 1220 1162 1354 1238 751 276 1391 1224 515 1255 441 585 651 23 762 214 634 1214 1342 597 407 1244 975 554 1187 318 203 1266 1381 1337 1104 1105 351 93 919 299 635 473 844 1155 99 893 380 88 555 793 1076 693 1388 765 190 897 601 128 869 537 1332 115 320 247 991 806 1267 290 832 406 1326 707 1387 644 416 179 1053 1077 639 825 734 582 930 1157 973 944 600 1359 152 285 900 1299 705 503 949 665 738 850 1236 851 478 197 1322 1031 98 1054 669 667 307 575 1400 826 1192 660 970 622 26 1159 1003 1030 856 59 494 1382 1356 1364 56 853 714 652 61 237 182 353 756 317 1205 1071 172 169 530 1008 83 516 552 1285 488 913 559 824 932 1211 890 1355 300 421 100 1301 1145 221 878 173 1173 369 1256 121 789 553 1117 964 605 722 592 162 1288 857 953 779 1225 796 52 17 321 679 676 64 895 808 1043 526 636 517 812 934 150 62 219 864 1251 1012 405 775 514 587 1198 986 147 1259 1343 956 708 67 66 282 1287 1221 57 415 923 709 225 540 1096 148 1327 1065 38 894 790 220 1307 719 208 139 241 841 137 166 1196 593 397 1335 271 304 160 647 630 701 566 839 1271 519 882 813 1004 522 240 736 356 497 551 1384 613 987 570 453 105 881 974 18 1123 1072 7 32 1138 947 1137 604 1148 348 523 389 394 1005 124 536 1099 818 213 274 674 345 491 666 1016 558 1362 42 295 803 1262 167 192 830 1294 487 223 924 446 101 617 1317 364 112 1097 950 901 1293 444 248 1331 880 445 355 589 189 1397 800 1047 1034 904 1058 675 1389 761 746 242 133 1309 476 1348 233 1025 1170 243 568 289 1300 898 512 185 1273 777 912 909 341 201 1132 1154 1390 854 1048 1164 740 902 548 319 748 297 834 739 102 332 1263 204 985 255 797 730 402 1330 359 361 510 1234 1320 696 1015 774 257 1041 315 74 329 1274 963 174 1365 788 449 755 432 1121 1023 581 1363 720 427 580 141 807 217 1062 500 863 690 1345 411 520 323 283 872 1353 1318 1372 1366 1033 576 131 877 992 286 176 1333 921 783 1368 817 227 989 368 135 1374 1246 1339 1276 400 681 294 805 92 246 1126 442 899 686 1277 1091 244 752 620 477 700 165 819 1336 33 470 229 1281 1275 1042 1147 823 193 1055 747 339 753 1002 892 544 867 543 565 845 764 603 703 1227 349 1314 545 862 36 528 1118 25 249 496 1395 984 638 640 384 994 1128 279 577 41 80 979 569 916 1092 866 828 1056 191 480 486 976 1319 1291 263 550 860 429 1258 288 238 1045 94 1090 79 194 611 905 1250 1228 456 1305 489 1302 590 1344
2 1100
792 840 430 1031 978 417 12 762 274 444 690 806 1048 367 881 494 1092 623 143 7 577 715 640 696 989 71 545 239 292 789 923 49 155 148 158 308 722 839 18 476 872 542 118 149 100 760 1003 1068 871 129 1010 250 170 609 748 372 678 383 333 580 1009 19 975 638 64 645 637 486 712 628 70 575 414 517 280 96 889 776 67 161 147 428 433 302 662 570 1067 263 466 122 291 630 1028 973 1081 111 802 3 718 145 290 415 131 196 1086 469 724 515 607 626 508 854 821 939 279 370 719 740 301 826 679 373 780 560 549 735 787 680 220 997 140 174 547 438 426 799 425 345 1020 230 30 654 684 75 999 769 33 369 649 376 694 336 988 882 619 856 716 228 974 317 808 342 586 561 459 509 566 400 704 533 891 157 371 52 1035 1098 953 320 511 1061 620 522 11 311 397 604 154 811 35 986 980 731 1034 587 526 1045 842 153 113 180 1013 1041 117 236 844 107 846 40 562 394 1085 197 343 419 1029 87 167 761 416 962 903 568 108 303 472 128 255 1074 244 27 408 14 4 204 863 810 744 287 674 278 436 823 733 845 1094 1079 668 258 262 688 1055 36 653 618 543 63 39 946 755 1062 784 673 61 644 749 800 982 315 1058 1077 781 730 226 488 720 130 275 925 289 624 818 723 352 462 584 60 757 565 200 977 82 424 943 418 445 142 189 381 325 708 8 1002 686 647 829 557 894 160 32 312 505 934 487 1088 493 819 310 83 452 84 92 463 194 920 218 968 1007 705 778 403 306 786 990 273 338 109 461 518 406 1023 859 710 384 725 632 210 738 884 97 48 184 1087 888 362 754 316 503 921 1016 765 284 356 374 434 512 1066 402 646 47 791 641 869 491 822 176 717 860 437 205 588 954 857 897 365 162 775 589 114 766 5 1017 478 44 421 169 793 1008 774 95 340 1057 450 814 995 703 699 323 961 681 17 683 998 150 457 521 616 399 924 467 168 1032 991 861 126 20 358 269 702 101 631 241 945 475 642 163 779 981 915 1084 909 824 440 350 339 500 164 309 831 25 453 828 1083 528 983 601 576 285 1075 72 404 796 958 1082 622 743 215 834 913 893 251 379 432 742 732 657 1049 969 378 1052 912 1030 490 695 1073 470 756 172 919 212 803 103 1036 396 331 240 805 330 1100 181 206 935 656 605 319 692 714 851 360 246 559 324 16 879 485 496 951 835 357 534 322 26 751 581 852 233 332 231 1056 53 368 1071 1027 955 51 1026 1001 698 1051 106 1072 249 1093 473 556 599 1025 621 585 389 540 583 1012 768 658 1014 558 783 782 598 6 771 858 90 948 484 38 329 910 574 1019 597 359 728 266 1038 224 847 697 86 701 334 648 85 203 650 906 159 173 870 709 1022 31 272 346 687 348 635 794 878 435 304 115 1015 593 281 431 201 815 81 34 314 299 677 788 497 213 797 531 804 455 386 313 964 507 1018 502 257 1089 68 267 896 55 24 166 127 354 58 221 1040 929 13 985 29 817 777 745 247 941 395 245 300 971 936 612 344 994 398 283 294 152 661 104 682 66 899 813 875 664 523 199 261 832 532 353 967 922 956 933 464 671 219 387 721 931 785 209 877 633 663 1095 849 110 691 178 451 276 193 254 544 234 571 1004 22 175 655 812 298 179 151 573 669 171 1054 848 550 156 898 422 876 439 917 165 1069 305 1021 412 617 1065 265 625 902 837 429 286 489 468 567 555 541 758 965 198 192 347 1090 928 177 446 752 474 900 976 652 1050 59 337 441 569 223 763 182 880 69 949 355 413 833 553 89 602 458 885 873 146 527 862 364 307 883 938 947 186 610 827 442 979 992 737 548 1059 9 295 10 843 572 966 214 1053 366 595 443 798 591 2 853 1063 211 501 895 676 235 865 1039 970 217 232 288 643 820 76 54 208 191 830 944 282 264 259 582 506 454 227 15 1099 41 102 972 385 713 93 660 188 341 410 23 592 349 237 1024 772 74 481 552 914 252 390 116 868 243 984 1044 335 405 271 1033 207 225 141 959 62 1042 926 183 45 98 1047 734 216 79 535 56 120 139 672 277 651 801 293 874 940 579 409 477 746 665 807 627 260 238 1097 28 222 905 634 952 816 850 499 606 382 268 711 423 950 483 615 932 479 482 1070 855 554 427 361 80 504 460 136 351 907 248 603 727 50 138 43 326 121 448 770 407 639 685 105 119 613 539 124 516 456 670 375 229 328 659 538 480 1076 1091 296 564 536 465 918 73 578 790 520 911 42 867 916 1006 510 825 1046 993 1011 1000 1005 546 185 65 996 1064 675 270 411 963 530 611 401 492 112 707 942 57 767 392 37 590 667 864 144 88 736 134 904 729 551 190 132 1078 700 1 77 1096 471 91 498 629 363 739 537 1043 318 930 836 666 447 563 594 525 838 741 135 391 388 21 524 1037 726 1060 133 297 636 420 1080 94 187 380 987 600 123 759 596 689 46 195 253 449 841 529 960 750 393 321 608 866 256 957 137 908 202 327 937 99 519 927 747 887 495 901 795 242 773 890 513 377 125 753 764 693 614 706 809 886 78 892 514
1031 430 840 417 978 792 762 274 690 444 367 881 1092 494 1048 623 806 143 12 577 640 989 239 545 71 696 789 292 715 155 49 308 158 722 148 923 7 18 476 872 542 118 839 100 1068 871 1010 129 170 250 1003 760 149 748 678 383 580 19 1009 333 372 609 638 645 486 637 64 712 575 70 628 975 96 280 889 517 67 776 161 414 302 662 570 433 428 263 466 122 1067 147 630 1028 973 111 1081 3 718 802 291 415 131 290 469 607 515 724 1086 196 145 854 821 508 626 279 370 719 826 301 780 373 679 560 549 740 939 680 220 140 997 547 174 787 735 426 799 345 425 230 654 30 684 1020 438 999 369 33 649 769 75 336 694 882 988 856 716 228 974 619 376 808 342 509 459 561 586 400 566 317 533 891 1035 52 1098 371 157 704 320 511 953 620 11 397 154 604 311 522 1061 35 980 1034 731 526 587 1045 986 811 113 153 1013 117 1041 180 842 107 846 844 562 394 40 197 343 1085 236 87 416 761 167 962 1029 419 568 303 108 472 27 244 408 1074 255 128 903 204 863 4 287 744 674 810 14 436 845 733 823 1094 668 1079 278 262 1055 653 63 543 618 36 688 258 946 1062 784 755 644 61 673 39 982 800 1058 315 226 730 781 720 488 1077 749 289 624 925 275 130 584 462 60 757 352 723 818 977 424 418 445 142 189 943 325 8 708 381 82 200 565 686 647 829 557 1002 32 160 312 934 487 1088 505 894 819 452 83 310 92 84 463 493 218 1007 968 920 778 306 403 990 786 705 194 109 338 461 518 1023 710 859 406 273 632 738 210 48 184 97 884 362 888 1087 725 384 316 765 1016 356 284 921 503 434 1066 402 512 374 754 791 47 641 491 822 860 717 437 176 869 588 954 205 646 365 162 897 114 589 775 857 5 421 44 478 1017 766 793 774 1008 1057 340 95 169 995 814 323 961 699 703 683 150 998 17 457 681 450 616 467 924 168 399 991 861 1032 521 20 358 702 269 631 241 101 945 475 126 163 779 1084 909 824 440 915 981 642 339 309 831 164 453 828 25 1083 500 350 983 601 576 404 72 1075 285 528 1082 958 622 743 796 893 913 834 379 732 1049 657 742 432 969 1052 378 251 215 695 470 1073 490 1030 912 212 919 803 1036 103 172 805 240 1100 330 331 396 206 935 656 605 181 756 714 851 692 246 360 319 16 324 879 485 951 835 322 534 357 496 559 751 581 233 231 1056 332 53 1071 368 852 26 955 51 698 1051 1001 1026 1072 106 1027 556 473 1093 1025 389 583 540 585 621 658 768 1012 599 249 783 598 782 558 6 858 90 771 1014 38 910 329 484 597 1019 359 574 948 266 224 1038 697 86 847 728 648 334 85 650 906 203 173 159 701 709 272 348 687 346 794 635 31 1022 870 304 435 1015 281 593 201 431 115 878 34 81 299 314 788 497 797 213 677 815 455 804 313 386 1018 507 964 531 1089 68 257 166 24 55 896 267 354 221 58 13 929 1040 127 502 777 817 29 745 941 395 247 985 971 936 300 612 994 344 398 245 152 294 104 66 682 813 899 875 661 283 523 261 199 664 353 922 956 464 933 967 671 532 832 387 785 209 931 633 877 721 219 1095 110 178 276 451 691 849 193 663 544 571 22 1004 234 254 812 655 175 151 669 171 1054 573 179 550 156 848 298 422 876 165 917 1069 439 898 1021 1065 617 625 265 412 305 837 429 567 468 555 489 286 902 758 198 347 192 965 541 928 474 752 446 1050 652 976 59 900 177 1090 223 569 441 182 763 355 949 833 413 69 880 337 89 885 458 146 873 862 883 938 307 364 527 827 442 610 186 947 602 553 992 548 843 572 10 295 9 1059 737 979 214 1053 366 443 853 2 591 798 1063 211 595 966 895 676 865 970 232 217 1039 235 501 820 76 643 208 54 288 944 282 259 264 506 454 582 830 1099 15 227 191 102 972 385 93 188 660 713 41 349 592 23 410 341 74 772 481 1024 914 116 390 252 552 237 243 1044 335 271 405 984 225 141 207 62 959 1042 926 1033 868 45 98 734 216 56 535 139 120 672 277 651 79 1047 183 874 293 940 409 477 665 746 579 801 260 627 1097 238 807 222 816 952 634 850 905 28 606 423 711 268 950 382 499 932 615 482 855 1070 554 479 483 361 504 80 427 351 248 907 136 50 727 138 603 460 326 448 121 407 639 119 105 685 770 43 516 670 456 375 124 539 613 538 659 328 229 296 1091 918 465 536 578 790 73 564 1076 480 42 867 911 1006 510 825 916 993 1000 1011 65 185 546 1005 1046 520 411 270 963 675 1064 401 611 530 996 112 707 57 392 767 590 667 864 37 144 942 492 134 736 729 904 132 190 551 1078 88 77 471 1096 1 91 629 363 1043 318 537 739 498 700 836 666 447 525 594 21 524 388 391 135 741 838 563 930 1060 726 297 420 636 1080 133 187 94 1037 987 123 600 689 596 46 759 380 449 253 841 195 960 750 393 321 608 866 957 256 529 908 202 99 927 519 937 327 137 495 242 795 901 890 773 887 747 377 753 764 125 614 706 886 892 78 514 809 693 513
1 600
97 35 402 107 501 376 427 149 445 413 459 438 130 187 386 100 594 32 532 94 230 298 47 39 220 115 168 192 404 540 114 322 21 60 441 290 181 424 406 473 383 481 294 425 177 202 123 283 133 405 539 183 519 517 403 236 128 537 96 439 198 54 385 120 139 534 87 345 88 302 447 391 410 214 66 13 173 116 253 528 15 551 350 456 129 374 478 573 461 240 318 174 435 5 455 315 30 268 238 164 24 600 74 423 552 42 415 475 152 450 443 86 291 483 206 175 412 521 297 231 119 135 209 223 466 286 27 10 50 19 339 281 357 182 599 323 558 429 418 538 564 513 584 45 205 560 514 4 228 170 260 245 520 296 146 503 365 472 77 160 34 80 487 31 3 16 474 372 432 222 300 57 99 334 353 76 83 500 108 69 225 530 387 216 583 570 411 399 477 265 246 592 394 85 327 200 274 211 157 7 340 178 512 299 213 235 267 26 70 547 370 148 55 367 195 279 329 162 492 578 348 465 161 559 582 328 56 154 239 482 224 343 471 221 256 553 41 172 504 90 28 422 134 398 325 258 371 321 71 579 490 247 505 196 460 484 23 529 468 562 409 446 338 103 137 184 8 307 75 379 14 346 1 382 185 525 242 598 509 476 358 234 567 199 308 249 566 431 171 561 347 467 186 147 252 380 46 510 17 498 393 226 493 272 354 449 110 397 378 191 158 515 243 344 518 548 20 78 269 289 434 392 545 217 360 280 494 48 169 464 210 324 61 407 544 293 250 337 98 373 511 37 33 248 201 369 557 314 362 486 219 38 389 229 451 575 491 53 144 117 52 377 448 259 58 527 163 549 351 72 188 125 59 138 506 68 489 79 396 126 105 571 388 189 568 143 51 470 104 2 150 190 113 401 288 29 62 488 136 556 554 381 452 430 303 73 244 352 305 275 9 64 193 309 421 522 576 342 479 263 563 589 313 310 109 153 326 416 591 368 285 457 453 301 569 336 550 420 458 565 523 166 6 462 587 127 49 543 67 304 414 590 317 586 526 44 287 440 106 516 81 499 257 208 18 141 93 356 176 266 541 227 359 597 65 131 101 124 12 428 262 442 355 574 132 496 375 408 271 180 349 40 237 335 218 593 197 254 270 251 596 179 502 22 276 261 151 454 292 395 341 121 284 167 311 463 433 332 241 215 581 400 417 572 36 330 426 306 118 207 595 366 361 277 384 436 588 140 580 84 89 11 156 555 535 316 319 212 542 95 255 204 312 63 485 546 155 165 533 82 159 194 419 145 390 282 320 92 497 585 122 437 364 111 524 232 331 233 43 444 142 273 531 112 102 536 507 577 295 264 25 91 203 508 333 363 495 278 469 480
594 100 32 386 94 532 187 298 230 47 130 115 220 39 168 438 540 404 114 192 322 459 290 441 181 60 424 21 473 406 413 425 294 177 481 123 202 383 133 283 405 445 403 517 236 519 537 128 183 439 96 539 385 54 198 120 149 302 88 447 345 410 391 87 66 214 534 173 13 116 139 15 528 551 253 350 427 240 461 318 573 174 478 5 435 374 315 455 30 129 164 238 24 268 600 456 42 552 423 415 74 152 475 376 412 175 521 206 297 483 119 231 291 209 135 223 86 27 286 10 466 50 443 281 339 357 19 599 182 450 418 429 538 558 513 564 323 45 584 501 520 245 296 260 146 170 365 503 228 77 472 160 4 487 80 34 31 514 474 16 372 3 222 432 560 334 99 353 57 83 76 300 108 500 205 216 387 583 530 570 225 399 411 69 265 477 246 107 340 7 178 157 512 211 213 299 274 267 235 26 200 370 547 70 148 327 195 367 279 55 162 329 85 465 348 161 578 559 492 328 582 394 224 482 343 239 471 154 256 221 56 41 553 172 592 398 134 422 325 28 371 258 90 71 321 579 504 505 247 490 196 402 137 103 184 338 8 446 75 307 409 14 379 346 562 185 382 1 525 468 509 598 476 242 234 358 529 249 308 566 199 431 567 561 171 23 252 147 186 380 467 510 46 347 498 17 393 484 110 449 354 397 272 191 378 493 515 158 243 226 548 518 344 20 460 545 392 217 434 280 360 289 48 494 169 269 324 210 464 61 78 293 544 250 407 337 35 486 362 219 314 38 557 229 389 369 575 451 491 201 117 144 53 52 248 259 448 58 377 163 527 33 188 72 125 351 59 549 506 138 37 126 396 79 105 489 388 571 68 568 189 143 511 150 2 190 104 401 113 470 29 288 62 51 556 136 488 554 373 244 73 352 303 275 305 430 64 9 193 452 522 421 309 576 381 263 479 563 342 589 98 591 416 368 326 457 285 153 301 453 109 550 336 569 420 310 523 565 166 458 6 313 49 127 587 543 462 304 67 97 257 499 81 208 516 141 18 106 356 93 176 440 227 541 266 359 287 131 65 101 597 12 124 44 355 442 574 262 132 428 375 496 526 40 349 180 237 271 218 335 408 197 593 254 586 502 179 22 596 261 276 251 454 151 292 270 121 341 395 284 317 241 332 215 433 400 581 463 572 417 36 311 306 426 330 118 167 366 595 361 207 277 590 89 84 11 580 555 156 140 316 535 588 542 212 319 95 436 312 204 63 255 485 384 533 165 155 82 546 194 159 414 585 497 122 92 364 437 320 524 111 282 331 232 233 390 142 444 273 43 531 145 507 536 102 577 112 264 295 419 508 203 333 91 495 363 25 469 278 480
1 480
308 34 191 157 332 390 33 97 446 116 8 471 179 400 145 391 374 142 152 409 291 338 293 328 317 306 361 42 194 356 324 367 35 187 223 375 94 66 76 113 376 15 325 51 272 253 423 311 349 109 452 210 211 441 38 351 56 373 32 133 307 333 419 138 331 175 134 445 225 52 439 149 99 72 288 7 144 464 206 265 467 3 196 23 25 208 474 260 17 372 135 437 385 457 393 232 180 61 226 339 414 107 197 125 422 383 478 399 218 123 322 342 227 386 9 92 379 380 115 258 264 186 381 45 282 416 90 110 153 40 234 31 431 424 348 459 29 166 114 12 275 290 396 200 285 402 314 190 139 137 279 425 378 155 181 244 254 13 83 319 377 392 262 128 198 174 455 340 251 183 219 274 397 408 173 228 294 22 440 100 313 129 257 236 246 195 74 330 404 150 310 463 270 466 108 413 163 238 344 444 480 147 71 461 259 199 79 220 193 85 111 353 230 117 430 249 239 245 154 55 63 405 49 151 168 436 297 316 456 95 435 6 53 217 54 10 231 185 302 213 30 26 229 281 140 462 146 434 50 127 165 442 450 19 298 360 112 39 69 268 343 346 120 477 160 86 433 215 170 438 58 96 296 387 427 44 312 167 98 143 106 320 202 362 364 27 370 303 67 352 410 201 205 388 171 469 347 415 432 417 401 250 354 59 242 406 177 398 448 321 266 269 48 77 256 47 204 479 21 102 284 136 443 335 14 46 184 318 326 368 124 355 64 337 447 240 407 70 162 271 11 470 334 365 43 304 248 221 203 418 278 75 295 243 286 60 118 130 82 24 126 289 412 80 36 189 382 121 28 57 235 5 16 2 327 454 420 156 309 224 323 103 350 131 192 84 161 104 292 403 283 426 299 87 122 475 276 273 247 280 132 421 172 216 158 119 148 460 188 1 357 429 101 78 37 233 359 209 453 458 394 363 384 93 395 468 267 472 305 261 182 315 105 366 371 345 451 449 369 411 465 255 91 389 329 18 428 89 252 141 263 341 176 4 73 287 476 336 241 237 300 20 65 207 164 169 358 62 301 88 212 81 473 178 214 68 159 222 41 277
213 30 302 26 185 229 231 281 10 140 54 462 217 146 53 434 6 50 435 127 95 165 456 442 316 450 297 19 436 298 168 360 151 112 49 39 405 69 63 268 55 343 154 346 245 120 239 477 249 160 430 86 117 433 230 215 353 170 111 438 85 58 193 96 220 296 79 387 199 427 259 44 461 312 71 167 147 98 480 143 444 106 344 320 238 202 163 362 413 364 108 27 466 370 270 303 463 67 310 352 150 410 404 201 330 205 74 388 195 171 246 469 236 347 257 415 129 432 313 417 100 401 440 250 22 354 294 59 228 242 173 406 408 177 397 398 274 448 219 321 183 266 251 269 340 48 455 77 174 256 198 47 128 204 262 479 392 21 377 102 319 284 83 136 13 443 254 335 244 14 181 46 155 184 378 318 425 326 279 368 137 124 139 355 190 64 314 337 402 447 285 240 200 407 396 70 290 162 275 271 12 11 114 470 166 334 29 365 459 43 348 304 424 248 431 221 31 203 234 418 40 278 153 75 110 295 90 243 416 286 282 60 45 118 381 130 186 82 264 24 258 126 115 289 380 412 379 80 92 36 9 189 386 382 227 121 342 28 322 57 123 235 218 5 399 16 478 2 383 327 422 454 125 420 197 156 107 309 414 224 339 323 226 103 61 350 180 131 232 192 393 84 457 161 385 104 437 292 135 403 372 283 17 426 260 299 474 87 208 122 25 475 23 276 196 273 3 247 467 280 265 132 206 421 464 172 144 216 7 158 288 119 72 148 99 460 149 188 439 1 52 357 225 429 445 101 134 78 175 37 331 233 138 359 419 209 333 453 307 458 133 394 32 363 373 384 56 93 351 395 38 468 441 267 211 472 210 305 452 261 109 182 349 315 311 105 423 366 253 371 272 345 51 451 325 449 15 369 376 411 113 465 76 255 66 91 94 389 375 329 223 18 187 428 35 89 367 252 324 141 356 263 194 341 42 176 361 4 306 73 317 287 328 476 293 336 338 241 291 237 409 300 152 20 142 65 374 207 391 164 145 169 400 358 179 62 471 301 8 88 116 212 446 81 97 473 33 178 390 214 332 68 157 159 191 222 34 41 308 277
2 300
211 173 67 218 10 109 36 169 286 264 230 104 167 246 87 78 132 38 242 180 101 296 83 130 258 205 203 265 160 48 44 121 193 241 40 6 150 28 182 66 59 102 76 152 285 257 163 17 247 137 110 259 34 297 250 123 86 278 11 221 116 49 126 144 74 210 293 284 64 13 118 57 289 134 225 270 216 128 135 260 124 139 112 231 235 275 299 187 200 190 195 16 146 217 89 95 198 268 148 201 37 282 141 161 35 181 4 184 99 15 228 256 174 119 136 9 122 70 88 84 52 172 208 125 295 1 114 108 204 164 80 79 251 196 298 75 50 71 127 54 186 292 166 300 219 236 129 143 269 7 222 25 106 53 239 73 26 42 155 175 249 98 115 276 288 287 46 206 254 245 153 111 294 68 30 159 162 283 117 147 232 255 151 185 105 215 272 27 281 178 23 261 22 271 93 45 58 8 253 113 120 24 223 279 220 60 277 82 14 43 233 69 209 226 133 244 103 274 280 5 214 183 273 234 55 192 94 157 33 224 20 227 189 199 131 171 213 97 140 240 142 29 252 156 100 188 61 263 267 290 72 31 207 91 51 168 96 3 107 138 18 177 291 77 170 158 149 92 191 81 154 47 202 39 32 19 85 2 12 237 238 179 197 248 176 194 56 62 229 41 63 165 90 266 145 65 243 262 212 21
7 222 269 25 143 106 129 53 236 239 219 73 300 26 166 42 292 155 186 175 54 249 127 98 71 115 50 276 75 288 298 287 196 46 251 206 79 254 80 245 164 153 204 111 108 294 114 68 1 30 295 159 125 162 208 283 172 117 52 147 84 232 88 255 70 151 122 185 9 105 136 215 119 272 174 27 256 281 228 178 15 23 99 261 184 22 4 271 181 93 35 45 161 58 141 8 282 253 37 113 201 120 148 24 268 223 198 279 95 220 89 60 217 277 146 82 16 14 195 43 190 233 200 69 187 209 299 226 275 133 235 244 231 103 112 274 139 280 124 5 260 214 135 183 128 273 216 234 270 55 225 192 134 94 289 157 57 33 118 224 13 20 64 227 284 189 293 199 210 131 74 171 144 213 126 97 49 140 116 240 221 142 11 29 278 252 86 156 123 100 250 188 297 61 34 263 259 267 110 290 137 72 247 31 17 207 163 91 257 51 285 168 152 96 76 3 102 107 59 138 66 18 182 177 28 291 150 77 6 170 40 158 241 149 193 92 121 191 44 81 48 154 160 47 265 202 203 39 205 32 258 19 130 85 83 2 296 12 101 237 180 238 242 179 38 197 132 248 78 176 87 194 246 56 167 62 104 229 230 41 264 63 286 165 169 90 36 266 109 145 10 65 218 243 67 262 173 212 211 21
