5
2 55
3 49 2 20 10 5 51 21 24 40 53 47 32 7 6 26 12 9 14 27 19 39 17 44 36 25 28 55 15 4 48 38 16 41 54 30 11 1 13 46 22 52 42 35 37 29 34 33 43 31 8 45 23 18 50
3 2 49 10 5 20 21 40 24 51 47 32 6 7 53 12 14 9 19 27 26 17 44 25 36 55 15 28 39 48 16 38 54 30 41 1 46 13 11 4 52 35 42 29 34 37 43 31 33 45 23 50 18 8 22
1 40
25 39 5 24 10 33 16 22 19 11 9 2 8 29 4 20 1 31 26 7 37 6 30 34 15 28 12 32 21 36 17 35 27 13 40 23 38 3 18 14
39 24 33 22 11 2 29 20 31 7 6 34 28 32 36 35 13 23 3 14 18 38 40 27 17 21 12 15 30 37 26 1 4 8 9 19 16 10 5 25
2 70
24 37 32 8 49 29 62 52 68 9 50 53 7 3 10 64 43 21 16 34 5 57 20 61 26 65 23 15 12 31 4 63 19 38 40 30 70 51 27 33 54 6 44 58 42 25 59 69 41 66 39 48 47 2 11 67 17 28 60 55 35 18 56 45 13 14 1 36 22 46
24 37 32 62 29 49 50 9 68 7 53 10 64 3 52 21 43 57 20 5 26 61 65 23 34 16 8 12 31 15 19 63 40 38 70 33 27 58 44 6 25 42 59 54 69 51 66 41 47 48 2 11 67 39 28 60 18 35 55 17 30 4 14 13 45 36 22 1 56 46
1 60
26 19 36 18 1 44 25 52 54 20 53 55 24 57 9 6 40 43 33 3 35 28 5 41 15 31 14 21 10 59 51 45 4 34 22 60 7 13 38 39 42 16 37 47 46 27 48 32 23 50 2 49 12 11 30 8 29 56 58 17
17 58 56 29 8 30 11 12 49 2 50 23 32 48 27 46 47 37 16 42 39 38 13 7 60 22 34 4 45 51 59 10 21 14 31 15 41 5 28 35 3 33 43 40 6 9 57 24 55 53 20 54 52 25 44 1 18 36 19 26
1 50
3 29 34 4 47 18 22 2 10 13 50 5 24 30 27 35 37 6 31 45 20 43 7 25 38 49 8 48 40 17 36 12 14 16 44 41 32 1 42 15 21 28 19 26 46 11 23 33 39 9
47 18 4 22 2 34 13 50 10 5 24 29 35 37 27 6 31 30 20 43 45 25 7 38 3 40 17 48 36 12 8 16 44 14 32 41 1 49 21 28 15 19 26 42 11 23 46 39 33 9
