3
1 60
48 5 11 39 37 25 32 56 46 10 21 53 7 38 30 17 14 20 40 13 8 60 47 19 59 43 23 3 24 16 26 45 29 4 52 28 2 9 6 27 44 22 34 42 31 1 57 41 12 50 55 18 51 54 58 15 35 49 33 36
39 11 32 25 53 21 7 38 10 30 46 14 17 13 40 20 56 8 60 37 43 59 19 24 3 16 23 45 29 26 52 28 4 47 9 2 27 6 5 34 22 44 31 57 1 12 41 50 42 48 54 58 15 51 18 35 49 33 55 36
1 45
32 43 21 33 25 26 29 44 16 2 37 8 39 6 18 1 4 20 5 42 10 23 15 13 12 30 9 35 3 27 7 31 38 11 22 41 36 34 19 17 24 45 14 28 40
43 33 26 44 2 8 6 1 20 42 23 13 30 35 27 31 11 41 34 17 45 28 40 14 24 19 36 22 38 7 3 9 12 15 10 5 4 18 39 37 16 29 25 21 32
1 50
24 16 29 39 25 33 45 10 31 41 9 12 11 18 8 40 1 42 43 50 3 23 14 44 20 21 17 32 28 49 19 7 38 35 22 2 37 30 34 5 47 15 6 13 48 46 36 27 4 26
31 10 41 45 9 33 11 12 25 8 18 40 39 43 42 50 1 3 29 20 44 14 21 23 32 17 16 7 19 38 49 22 35 28 37 2 24 15 47 6 5 48 13 34 36 46 30 4 27 26
