3
1 200
138 33 179 7 25 177 96 196 2 195 174 92 119 17 94 58 147 44 115 166 80 157 14 76 65 108 97 171 66 150 146 172 125 187 185 1 127 45 188 74 50 140 155 75 113 55 28 23 158 184 40 136 142 19 191 103 95 15 4 32 63 8 79 149 148 169 71 69 98 116 41 167 43 164 161 9 11 52 170 57 93 104 29 77 123 86 165 101 36 62 12 192 200 89 49 131 24 156 27 81 159 82 47 128 37 168 35 5 34 198 6 134 20 182 21 124 137 31 91 145 152 99 67 109 88 53 64 133 90 151 18 189 121 39 176 110 100 84 54 178 143 197 173 48 163 112 16 120 180 114 111 105 70 38 78 68 117 186 190 183 60 51 132 126 85 199 87 154 153 194 162 118 46 83 141 10 26 107 129 102 193 160 59 61 106 3 73 175 42 144 13 135 72 22 122 139 56 30 130 181
81 159 27 82 156 47 24 128 131 37 49 168 89 35 200 5 192 34 12 198 62 6 36 134 101 20 165 182 86 21 123 124 77 137 29 31 104 91 93 145 57 152 170 99 52 67 11 109 9 88 161 53 164 64 43 133 167 90 41 151 116 18 98 189 69 121 71 39 169 176 148 110 149 100 79 84 8 54 63 178 32 143 4 197 15 173 95 48 103 163 191 112 19 16 142 120 136 180 40 114 184 111 158 105 23 70 28 38 55 78 113 68 75 117 155 186 140 190 50 183 74 60 188 51 45 132 127 126 1 85 185 199 187 87 125 154 172 153 146 194 150 162 66 118 171 46 97 83 108 141 65 10 76 26 14 107 157 129 80 102 166 193 115 160 44 59 147 61 58 106 94 3 17 73 119 175 92 42 174 144 195 13 2 135 196 72 96 22 177 122 25 139 7 56 179 30 33 130 138 181
1 150
46 63 35 28 56 31 119 43 54 131 146 82 25 64 79 74 21 103 51 19 40 22 2 48 86 77 39 80 108 121 6 85 141 16 88 110 62 58 136 26 41 135 34 3 124 17 97 5 130 23 134 148 101 66 65 13 99 81 129 8 107 67 104 68 42 7 96 114 14 145 147 92 94 113 57 120 128 27 12 50 84 102 95 98 44 53 38 18 70 112 150 69 127 1 118 11 75 111 115 78 123 144 133 15 36 132 30 47 59 55 29 45 93 122 89 149 126 4 109 32 138 52 33 73 143 142 61 105 140 10 100 20 49 60 125 83 9 71 76 91 37 24 117 106 90 137 87 139 116 72
25 82 146 64 131 74 79 54 103 21 51 43 22 40 19 2 119 77 86 39 48 108 80 31 141 85 16 6 88 121 62 110 56 135 41 26 34 136 124 3 58 97 17 5 28 101 148 66 134 13 65 23 81 99 129 130 67 107 8 104 35 14 114 145 96 92 147 7 113 94 57 42 27 128 120 12 68 102 84 95 50 98 63 150 112 69 70 1 127 18 11 118 38 115 111 75 78 53 133 144 15 123 36 44 59 47 30 55 132 45 29 46 32 109 138 4 33 52 126 143 73 149 61 142 105 89 100 10 20 140 49 122 9 83 125 71 60 91 76 93 106 117 90 24 87 137 37 116 139 72
1 90
74 59 79 88 6 29 24 80 20 70 23 66 52 43 60 38 86 69 39 37 34 61 21 7 50 31 33 84 57 13 2 56 65 63 28 85 36 53 78 42 77 4 32 15 81 14 71 64 46 49 75 48 3 35 19 55 90 40 44 1 76 25 45 87 12 22 67 68 18 58 73 8 83 16 17 30 11 47 5 9 89 72 62 82 41 54 26 27 51 10
29 24 6 88 80 79 23 70 20 66 59 60 38 43 86 52 74 37 21 61 34 50 31 33 7 2 13 56 57 84 63 65 39 77 42 4 78 53 36 32 81 15 71 14 46 75 49 64 85 48 35 3 28 90 40 55 44 19 1 76 69 87 45 22 12 73 58 18 68 67 83 17 30 16 8 47 11 25 9 89 5 62 82 72 26 54 51 27 41 10
