5
2 48
35 25 17 40 45 9 10 2 41 20 33 43 3 44 12 42 31 26 5 16 28 47 27 1 6 4 39 48 7 32 34 36 37 46 8 30 18 24 29 11 22 19 15 13 23 14 21 38
48 39 7 4 32 34 6 1 27 36 47 37 46 28 16 8 30 5 18 24 26 31 42 12 44 29 11 3 22 19 43 33 20 15 13 41 2 10 9 45 40 17 25 23 14 21 35 38
1 44
10 40 35 32 7 15 8 11 42 17 33 25 18 6 13 39 23 26 3 2 14 37 12 16 4 27 43 41 34 19 22 9 5 24 36 28 44 30 21 20 1 31 38 29
35 15 11 17 33 25 18 6 13 39 14 37 16 4 27 22 5 36 28 30 20 38 29 31 1 21 44 24 9 19 34 41 43 12 2 3 26 23 42 8 7 32 40 10
1 40
17 19 24 36 4 1 5 13 26 29 28 33 22 25 18 21 14 20 27 3 40 38 23 16 39 15 7 31 37 32 30 11 9 35 10 6 34 2 8 12
19 28 22 14 40 23 16 39 31 32 30 9 6 34 12 8 2 10 35 11 37 7 15 38 3 27 20 21 18 25 33 29 26 13 5 1 4 36 24 17
2 36
16 25 17 14 34 6 13 3 18 23 4 36 26 27 32 33 9 30 31 5 12 11 35 22 15 10 7 24 28 19 2 20 1 29 8 21
17 25 6 13 34 3 36 4 23 26 18 27 14 33 31 12 5 11 30 9 32 15 22 10 35 24 19 20 29 1 8 2 21 28 7 16
1 30
13 7 21 12 10 9 26 4 14 8 15 3 25 11 24 17 29 1 6 16 23 5 22 18 27 20 19 2 30 28
21 10 12 26 4 9 14 7 8 13 25 11 3 23 16 6 1 29 17 5 18 22 24 27 15 19 2 30 20 28
