5
2 300
29 133 92 174 57 24 251 224 124 170 216 33 64 98 211 59 67 96 106 232 179 88 217 49 43 168 85 268 120 135 47 141 136 40 87 166 273 221 15 201 74 246 35 18 83 112 250 225 197 77 279 212 72 226 58 103 148 215 244 154 79 290 173 248 281 117 256 297 266 241 169 292 240 280 167 149 193 53 142 143 283 5 55 39 62 286 90 222 257 27 54 287 26 118 4 50 17 262 180 91 113 198 291 56 115 177 97 151 203 160 52 260 82 126 11 19 155 123 234 81 209 282 243 258 153 108 101 255 122 195 144 140 271 12 45 207 270 156 32 109 172 276 152 28 299 10 231 237 190 228 218 25 208 204 220 60 30 132 239 76 183 44 146 247 205 164 48 186 252 289 69 242 105 210 38 23 249 13 196 37 102 80 295 178 1 214 16 261 265 145 104 68 230 157 99 41 192 285 175 294 300 188 176 161 94 114 187 284 61 138 121 202 130 159 162 51 185 194 227 8 2 263 22 93 129 21 229 20 238 275 34 7 219 127 163 296 199 269 253 235 9 116 278 259 254 100 171 298 110 42 181 3 274 191 245 233 236 131 111 66 125 150 6 119 63 46 293 86 70 14 223 189 36 65 213 137 78 71 95 184 165 134 288 277 31 128 89 267 272 139 264 200 206 75 84 107 158 182 73 147
220 204 208 60 30 132 25 239 218 228 190 237 231 76 183 10 299 44 28 146 247 205 152 164 276 48 172 186 252 289 109 69 32 156 242 270 105 207 45 210 12 271 140 144 195 38 23 122 249 255 13 101 196 108 37 153 258 102 243 80 282 209 295 178 81 1 214 234 123 155 19 16 11 126 261 82 260 265 52 160 203 145 104 68 151 97 230 157 177 99 41 192 115 56 291 285 198 113 91 180 175 294 262 17 50 300 4 118 26 188 287 176 54 161 27 94 114 187 284 61 138 121 257 222 90 202 286 62 130 39 55 159 5 283 162 143 51 142 53 185 194 227 8 193 2 149 167 280 240 292 169 241 266 263 297 256 22 93 129 117 281 248 173 290 79 154 21 244 229 20 215 238 275 148 34 103 7 58 226 219 72 212 279 77 127 163 296 199 197 225 269 253 250 235 9 112 83 18 35 116 278 259 254 246 100 171 298 74 201 110 42 15 181 221 3 274 273 166 191 87 40 136 245 233 236 131 141 111 66 47 135 125 120 268 150 6 119 85 168 43 63 49 217 46 88 179 293 232 106 96 86 67 70 14 59 211 98 223 189 36 65 213 64 137 78 71 95 184 165 134 288 277 31 33 128 216 170 124 224 89 267 272 251 24 139 264 200 57 206 75 174 92 84 133 107 158 182 73 29 147
1 290
142 86 71 149 266 182 278 42 53 136 24 129 77 75 223 93 28 233 173 99 92 262 285 263 216 19 275 110 47 287 257 230 180 283 138 170 81 50 55 265 104 221 239 43 127 25 207 146 117 252 245 165 154 22 232 6 241 130 199 166 64 236 68 271 184 90 183 5 4 65 8 134 76 94 290 114 214 126 153 192 98 62 119 152 125 217 57 103 273 274 161 113 39 78 264 222 185 88 12 195 38 227 246 112 82 44 79 163 121 169 251 151 160 206 70 66 140 100 156 202 69 139 123 14 205 120 83 235 51 87 244 261 168 15 107 133 45 35 178 102 11 46 286 269 288 267 176 189 32 7 253 148 159 211 181 56 188 29 204 276 157 34 67 36 218 74 54 37 144 116 124 198 193 18 108 101 215 21 226 132 73 164 200 247 225 118 115 111 147 109 23 60 174 158 2 171 20 85 229 80 280 208 122 191 26 128 268 179 231 270 220 84 48 256 1 143 209 145 17 175 289 49 212 141 234 31 40 3 203 58 177 240 190 196 131 272 259 254 96 162 95 238 52 91 284 97 137 9 10 258 250 187 282 281 89 279 248 237 41 228 201 30 72 255 155 186 224 210 135 260 197 213 105 59 33 243 16 27 172 106 61 277 150 194 63 242 249 167 219 13
86 142 71 266 149 182 278 42 136 53 24 75 77 233 28 173 92 19 216 110 287 47 257 180 230 170 138 81 55 50 104 221 239 43 127 25 22 154 165 245 130 64 166 236 68 183 4 134 8 290 94 192 152 119 57 274 113 161 39 264 222 88 12 38 246 227 112 44 82 79 169 151 251 160 121 70 156 100 139 69 202 123 120 235 168 45 102 178 35 253 7 56 181 29 204 188 34 157 67 218 36 37 124 193 198 108 18 215 101 21 73 132 200 225 115 147 109 2 229 80 280 208 191 122 179 270 220 231 1 256 143 17 145 234 3 177 58 131 272 162 238 284 91 137 9 97 52 258 10 95 96 254 259 196 190 250 240 203 40 31 187 141 212 282 49 289 281 175 89 209 48 84 268 128 26 85 20 171 158 174 60 23 111 118 248 279 247 164 237 41 226 228 116 144 201 54 74 276 211 159 30 148 72 32 189 255 176 267 288 269 286 46 155 11 133 186 224 210 107 135 15 261 244 87 51 83 205 260 14 140 66 197 206 163 213 195 185 78 273 103 217 125 62 98 153 105 59 126 33 214 243 114 76 16 65 5 90 184 271 27 172 199 241 106 6 232 61 252 277 117 146 150 207 265 194 283 275 263 63 242 285 249 262 99 167 93 223 129 219 13
1 280
200 261 205 53 206 176 263 249 168 66 90 40 235 89 204 251 197 1 211 136 22 38 15 59 93 236 158 140 69 190 28 141 120 175 202 164 101 107 270 230 167 189 26 51 240 165 174 199 137 55 42 6 259 198 46 48 173 105 82 12 71 27 68 78 187 33 234 145 276 194 70 171 87 74 162 161 271 208 60 193 156 144 258 37 73 217 2 227 241 214 52 84 201 47 256 278 35 273 275 34 13 196 83 179 269 115 16 91 172 184 166 57 104 131 267 18 126 41 254 95 150 178 195 121 103 10 54 77 246 239 248 75 125 149 264 11 32 143 14 122 80 238 260 111 207 242 133 252 152 163 3 157 279 31 192 114 102 233 151 153 213 154 106 30 250 182 98 124 24 180 8 92 209 224 94 61 237 113 112 76 132 7 203 170 245 169 146 23 253 138 97 108 277 49 96 43 65 183 280 219 9 86 50 130 17 220 67 274 231 139 229 129 188 177 62 100 5 127 257 191 232 119 272 39 223 45 44 72 155 109 85 222 255 88 128 266 117 19 116 181 268 118 21 265 123 228 29 159 243 221 186 148 36 56 58 4 134 210 225 262 64 226 110 185 79 212 142 20 99 218 135 147 244 25 216 160 215 63 247 81
261 205 90 40 235 1 211 136 22 236 158 140 69 28 120 175 164 101 107 270 230 189 240 165 199 137 46 48 27 78 33 234 145 70 87 162 161 271 193 258 73 217 2 227 241 52 201 47 256 278 35 273 275 34 13 196 83 115 166 131 267 178 121 77 246 239 75 125 264 32 143 122 238 242 133 252 163 3 31 153 213 154 106 98 124 180 8 92 94 237 132 7 203 170 169 146 138 277 96 183 9 17 231 139 229 129 62 257 232 119 45 44 155 85 255 128 117 116 268 21 228 29 159 148 58 4 134 210 225 64 226 110 185 79 142 135 147 25 160 215 63 81 247 216 244 218 99 20 212 262 56 36 186 221 243 123 265 118 181 19 266 88 222 109 72 223 39 272 191 127 5 100 177 188 274 67 220 130 50 86 219 280 65 43 49 108 97 253 23 245 76 112 113 61 224 209 24 182 250 30 151 233 102 114 192 279 157 152 207 111 260 80 14 11 149 248 54 10 103 195 150 95 254 41 126 18 104 57 184 172 91 16 269 179 84 214 37 144 156 60 208 74 171 194 276 187 68 71 12 82 105 173 198 259 6 42 55 174 51 26 167 202 141 190 93 59 15 38 197 251 204 89 66 168 249 263 176 206 53 200
2 260
45 54 128 182 21 248 19 197 36 13 6 41 12 219 223 7 78 68 222 146 233 42 2 71 190 194 117 180 191 81 108 3 62 250 212 199 52 4 93 99 243 38 183 167 29 55 130 111 208 109 141 202 177 113 238 158 195 107 94 255 89 24 125 134 200 51 50 86 40 189 67 37 136 258 123 156 253 214 142 237 120 157 66 80 20 106 103 49 60 187 110 76 129 147 246 139 153 116 149 217 165 170 215 48 91 152 84 34 216 96 160 210 57 58 9 27 85 151 218 83 46 30 73 150 25 95 18 205 159 53 249 225 257 188 126 236 100 173 260 88 101 171 231 75 196 168 8 144 198 185 132 155 239 31 145 169 39 207 252 161 1 33 251 112 17 127 14 241 226 104 56 90 98 16 230 114 26 224 121 203 122 102 221 247 229 87 148 179 119 176 154 164 201 92 143 28 181 184 82 133 193 43 65 244 204 72 254 228 220 192 124 79 175 227 61 105 59 32 242 5 234 47 23 240 135 140 10 137 115 206 64 172 15 186 70 138 11 245 256 259 74 211 77 178 131 35 166 235 44 22 97 163 174 232 213 69 162 118 209 63
45 54 182 21 248 128 36 13 41 219 12 6 197 7 68 78 223 19 233 146 190 71 117 194 191 108 3 62 81 180 2 42 250 199 4 93 99 183 38 243 29 167 52 212 130 111 208 55 222 141 177 238 107 195 255 94 158 113 202 109 24 200 134 51 86 50 37 67 123 258 214 253 156 136 237 142 157 66 120 189 103 106 20 60 49 110 147 139 246 129 76 187 153 80 40 217 149 116 125 89 170 91 48 84 152 160 96 216 210 34 58 57 215 85 151 83 218 27 30 46 150 95 18 205 53 225 188 173 100 236 126 257 171 101 88 260 249 159 231 25 73 9 165 196 168 144 132 185 198 145 169 207 39 31 239 155 8 161 1 252 251 112 127 17 241 104 56 90 98 226 14 230 114 224 26 102 122 203 247 87 229 221 121 16 33 75 119 176 164 154 92 201 179 28 143 82 184 181 193 65 204 244 254 220 228 124 79 227 175 192 105 61 72 43 242 32 234 47 5 59 10 140 135 137 240 206 115 64 15 172 11 138 70 74 259 77 211 235 166 44 35 97 22 131 178 174 232 213 69 163 256 245 186 63 209 118 162 23 133 148
2 240
154 160 80 119 5 184 175 97 133 38 8 150 216 220 182 13 196 44 141 17 205 172 84 59 143 88 12 86 173 51 239 180 193 199 136 69 194 3 78 1 14 56 41 129 223 105 233 81 191 168 45 64 178 92 148 208 20 113 27 42 82 174 60 132 72 99 152 188 192 147 115 18 187 212 124 103 75 218 110 65 111 15 176 100 32 26 224 130 125 202 151 96 229 102 74 2 137 167 127 156 186 90 162 24 57 222 87 114 226 198 238 107 98 101 203 89 171 211 177 4 163 95 54 126 120 234 138 197 52 76 93 237 61 149 214 66 232 213 77 55 50 29 28 16 134 206 235 39 112 146 108 91 47 185 67 231 46 170 73 123 230 219 48 236 33 116 200 183 36 228 37 165 144 10 79 181 190 166 104 9 6 155 209 22 30 240 135 179 63 117 85 189 210 43 25 7 109 53 221 19 139 23 94 122 142 215 31 158 34 11 157 159 58 201 145 204 128 131 83 195 21 161 35 140 68 106 71 121 164 225 169 153 49 207 40 227 217 118 70 62
160 80 154 5 97 175 184 119 8 150 38 133 220 13 44 172 205 17 59 143 84 141 88 196 182 86 12 51 180 136 199 69 194 193 239 173 1 78 3 56 14 129 223 191 81 168 233 105 64 178 45 148 113 20 208 27 82 174 60 72 152 99 147 192 188 18 187 124 212 115 75 103 132 65 110 176 32 100 26 202 125 130 151 224 229 96 15 111 74 2 102 218 42 92 167 186 162 24 90 156 222 87 57 127 137 41 216 198 101 203 171 89 4 177 211 98 107 238 226 95 54 163 120 52 197 76 138 237 61 93 234 232 77 213 50 29 134 16 28 206 235 55 39 112 108 146 66 214 149 126 47 67 46 231 170 123 230 219 236 48 73 200 116 228 36 183 33 144 165 10 181 166 190 104 155 6 9 79 37 209 185 30 135 63 179 85 117 25 43 210 189 109 53 139 23 19 221 7 240 22 91 158 31 215 11 34 159 157 142 122 58 204 128 145 131 195 83 201 161 35 140 68 21 71 121 225 49 153 169 227 40 118 70 217 62 207 164 106 94 114
