5
2 300
148 189 230 169 281 108 234 150 95 91 288 106 263 37 85 218 48 245 96 73 192 132 122 213 233 215 40 160 138 287 144 2 155 69 1 291 56 137 54 252 98 185 273 266 4 226 41 8 200 177 92 114 220 44 269 170 280 201 238 82 13 256 142 249 237 267 289 255 128 248 24 104 244 68 70 149 167 260 250 63 188 246 153 51 196 139 16 141 251 295 72 20 276 17 235 62 115 262 90 257 204 265 203 133 107 119 61 212 271 146 75 277 175 300 181 290 190 197 242 229 28 100 33 210 195 21 78 209 65 275 151 223 71 179 80 241 282 105 162 228 124 285 163 293 198 39 112 154 45 3 180 172 84 272 35 53 205 161 97 94 261 117 60 109 232 30 87 270 171 55 247 224 219 9 34 123 221 38 11 93 79 129 110 156 131 240 182 43 99 193 176 25 86 5 126 168 292 7 253 12 67 268 178 140 50 222 66 76 298 88 81 77 49 15 29 164 57 199 194 130 299 36 19 10 22 294 286 42 297 125 134 14 278 143 147 274 58 173 254 296 121 191 31 145 18 26 27 23 259 217 236 59 284 116 211 186 243 258 111 120 52 127 174 165 216 283 118 47 64 83 89 6 74 279 166 264 102 214 103 32 231 202 227 46 225 158 152 159 136 101 184 135 207 206 183 157 113 208 187 239
97 161 94 261 205 53 35 272 84 172 117 180 60 3 109 45 154 232 112 30 39 198 293 163 285 87 270 171 124 228 162 105 55 247 282 224 219 9 241 80 34 179 123 221 38 11 71 93 223 151 275 65 209 78 21 195 79 210 129 33 110 156 131 100 28 229 242 197 240 190 182 290 43 181 99 193 176 25 300 175 86 5 277 75 126 146 168 271 212 61 292 119 7 253 12 107 67 268 178 133 203 265 204 140 50 257 90 262 222 115 62 235 17 276 66 76 20 72 295 298 251 141 88 16 139 196 81 51 77 49 15 29 153 164 57 246 199 194 188 63 250 130 260 299 36 19 167 149 10 70 22 68 294 244 286 42 297 125 104 24 248 134 128 14 278 255 289 143 147 274 58 173 267 254 296 237 249 142 256 13 82 121 191 238 31 201 145 280 18 170 26 269 44 220 27 114 92 177 23 259 200 8 41 217 236 59 284 116 211 226 4 266 186 243 258 111 120 52 273 185 98 252 127 54 174 137 56 165 216 291 283 1 69 118 155 47 2 64 144 287 83 89 6 138 74 279 166 160 264 40 102 214 103 215 233 213 122 32 231 132 202 227 192 73 96 46 225 158 245 48 152 218 85 159 37 263 136 101 106 288 91 95 184 135 150 207 206 234 108 183 281 157 113 208 187 169 230 189 148 239
2 280
42 276 242 149 171 47 122 89 231 75 234 232 151 17 69 252 264 73 159 249 52 5 86 133 243 270 124 66 76 118 263 216 7 30 67 57 197 189 45 54 136 208 81 11 19 180 128 38 150 211 229 182 223 102 235 278 24 202 120 239 167 43 98 193 125 109 210 97 181 205 251 91 241 218 34 236 194 117 253 61 185 31 25 21 237 16 225 107 88 26 271 279 71 220 139 55 228 51 265 74 77 162 41 224 266 186 105 115 48 116 85 90 96 165 49 8 132 35 95 93 29 53 106 46 169 152 80 14 217 15 23 219 18 87 256 114 268 146 10 246 99 111 32 58 240 59 247 207 203 244 155 138 130 188 94 63 108 178 6 259 190 257 212 101 36 33 82 192 22 221 127 258 160 174 131 255 70 274 248 40 39 201 147 143 191 175 250 273 173 1 13 179 267 200 78 64 121 119 158 176 153 245 103 170 83 227 272 4 2 142 140 163 144 137 110 27 28 209 275 56 141 168 148 20 68 177 84 204 12 166 172 113 277 112 262 161 206 280 134 44 72 254 187 92 215 129 238 157 164 156 213 154 269 261 104 9 3 79 65 222 123 100 50 60 37 199 233 126 135 145 195 230 184 183 198 226 214 62 260 196
42 89 151 264 249 86 118 57 189 136 54 19 211 120 239 43 98 109 91 25 225 26 88 271 71 162 41 95 29 106 23 87 268 114 32 247 59 240 58 111 207 99 246 10 146 256 203 244 155 130 138 188 18 94 63 178 108 219 259 6 15 257 190 101 36 212 217 33 14 80 82 192 152 22 169 221 46 127 53 93 258 160 174 131 255 35 70 132 8 248 274 39 201 40 49 165 96 90 85 143 147 116 48 115 105 186 266 224 77 74 265 175 191 51 250 173 273 13 1 228 179 267 78 200 55 139 220 279 107 121 64 119 176 158 16 237 21 153 31 245 170 103 185 61 253 227 83 117 4 272 194 236 34 218 140 142 2 163 241 144 110 27 137 28 251 205 275 209 168 141 56 181 20 148 68 97 210 177 84 125 204 12 166 193 172 113 167 202 277 262 112 24 206 280 161 278 235 102 223 44 134 182 229 150 38 128 72 180 11 254 81 187 208 45 92 197 215 238 129 164 157 213 156 67 30 7 269 154 261 216 263 9 104 76 66 3 79 124 270 65 243 133 123 222 5 100 52 159 73 60 50 252 199 233 37 126 69 135 17 145 195 232 184 230 183 234 75 231 122 47 226 198 171 260 62 214 149 242 196 276
2 260
133 199 113 39 41 46 180 259 190 97 213 224 176 222 173 256 152 92 105 154 45 138 196 240 120 132 95 216 209 26 25 225 69 10 28 32 162 76 56 161 156 139 201 12 109 245 31 231 118 208 79 121 200 74 116 115 174 14 217 255 257 167 183 98 17 53 228 13 131 1 114 203 99 214 221 111 19 258 68 63 143 170 168 103 229 64 232 38 33 207 253 252 35 60 24 234 55 136 85 107 80 29 184 223 57 235 166 181 239 4 54 145 47 147 16 129 52 128 186 27 164 172 67 140 177 163 86 205 48 137 226 148 9 100 66 193 110 194 254 62 191 247 237 96 126 49 153 195 244 81 215 42 165 160 15 241 135 21 73 75 202 249 134 146 72 101 250 141 40 230 6 185 171 197 157 94 88 58 7 83 106 122 218 22 30 44 179 260 187 219 227 90 51 204 2 112 238 20 142 210 50 71 149 89 212 108 236 23 82 125 8 242 119 198 182 220 189 78 178 144 34 233 192 3 130 248 150 211 188 123 87 11 243 175 246 65 77 36 43 70 59 151 18 5 251 102 104 84 93 91 159 124 37 155 117 206 169 158 61 127
133 113 39 199 46 180 259 97 224 213 190 222 152 256 173 154 45 105 92 196 138 176 41 95 132 209 225 25 69 26 28 32 76 162 156 161 56 10 216 120 201 109 245 118 79 121 208 200 116 74 14 174 255 217 115 231 31 183 17 98 228 131 1 114 13 53 167 257 12 111 19 221 214 99 63 68 170 168 143 258 229 38 232 64 207 252 253 24 234 60 35 33 103 136 107 29 80 223 235 57 181 166 184 4 54 239 47 16 52 129 147 186 164 27 67 177 140 172 86 48 137 148 9 100 226 205 163 128 145 85 55 193 110 194 191 62 247 237 126 96 49 254 66 203 139 195 244 42 215 81 165 153 240 21 135 241 75 73 134 249 101 72 146 202 15 141 6 185 230 171 197 40 250 94 7 83 58 88 157 122 22 218 179 44 30 106 219 187 227 112 2 204 51 238 20 90 210 149 89 71 50 142 260 108 23 236 8 125 242 82 198 220 182 78 178 189 119 34 192 130 248 211 150 123 188 87 11 3 246 175 36 77 65 70 59 43 243 233 144 212 5 18 104 84 159 124 91 37 93 102 155 251 206 117 127 61 158 169 151 160
1 240
153 170 21 19 106 200 26 138 160 30 150 42 175 34 201 141 47 185 90 75 210 102 161 49 192 101 33 72 15 224 85 104 173 131 232 148 169 81 171 229 159 39 108 48 73 217 110 190 44 60 22 119 41 64 184 54 187 152 157 142 121 222 3 120 166 139 151 126 122 92 223 231 38 114 203 79 4 55 124 116 76 43 59 180 112 96 25 57 50 118 1 70 45 77 37 189 7 52 163 204 149 27 215 2 80 100 220 68 98 18 214 127 144 8 155 53 154 207 93 205 239 208 40 12 168 140 107 94 164 174 176 35 71 218 99 125 105 188 63 56 128 130 84 82 226 10 58 133 134 129 198 158 213 145 206 225 186 103 113 31 238 211 197 28 32 132 61 117 89 109 66 86 181 194 95 212 143 191 162 62 196 167 227 6 97 221 67 135 14 179 216 91 51 9 237 20 23 111 123 74 83 146 193 17 115 177 230 88 65 178 183 199 195 233 234 172 219 16 165 235 156 24 87 137 13 228 202 236 69 209 46 147 182 240 29 78 11 5 36 136
106 138 26 200 160 19 47 185 141 201 75 210 90 102 49 161 34 175 42 192 33 101 15 72 224 150 85 104 30 232 131 169 148 171 81 173 229 159 21 39 190 110 44 217 73 22 119 60 48 64 187 54 157 152 142 184 41 108 120 3 222 122 126 151 139 166 121 170 223 92 203 114 38 79 4 231 153 59 43 112 180 96 76 116 189 37 7 52 77 163 204 45 70 27 215 149 1 2 80 118 50 220 100 68 98 57 53 154 207 155 93 8 144 40 208 239 12 205 127 94 107 140 168 174 176 164 35 218 71 214 99 56 63 188 130 128 84 105 82 10 58 134 198 129 133 158 226 125 213 145 206 18 186 225 25 238 211 31 28 197 32 113 132 61 103 66 109 89 117 86 181 124 143 212 191 95 194 62 167 196 162 6 227 55 14 179 135 51 91 20 237 9 23 111 123 216 74 83 67 193 146 221 88 230 65 177 183 178 195 199 115 172 234 219 233 16 165 17 235 24 156 87 97 69 209 236 182 29 240 78 147 46 202 11 228 13 5 137 136 36
1 220
165 107 38 87 119 199 120 36 177 80 91 41 161 211 202 20 139 206 48 62 9 147 96 157 173 134 191 154 12 2 127 88 85 128 174 11 6 102 204 153 15 143 189 129 209 169 182 99 131 146 86 40 140 52 219 210 132 190 152 175 100 108 73 115 220 3 138 106 116 1 193 63 145 56 184 18 201 79 111 4 33 57 24 53 90 59 23 81 69 121 77 122 126 89 215 93 64 181 137 141 159 83 167 197 70 76 195 46 51 160 123 60 17 216 218 21 207 39 92 65 5 113 27 135 22 49 196 155 136 198 114 200 214 61 55 180 176 185 54 163 118 124 205 217 94 194 72 208 183 78 171 25 10 164 144 162 32 16 149 47 150 186 19 130 148 44 179 168 212 35 178 117 66 82 28 125 29 50 142 26 43 192 101 158 104 75 13 34 151 213 166 95 7 8 188 71 109 30 105 98 187 42 133 170 112 68 58 14 110 203 37 67 74 172 156 97 84 45 103 31
36 80 177 120 91 199 41 119 202 211 161 20 87 62 48 147 9 96 206 134 173 157 154 191 139 88 127 128 85 102 204 6 153 11 129 189 143 209 15 169 131 146 86 40 99 182 219 52 140 174 132 210 2 152 190 108 100 175 73 115 3 220 106 116 138 12 193 145 56 63 1 184 18 38 201 107 111 79 53 69 81 121 23 59 90 24 215 89 181 137 141 64 83 159 167 93 70 197 126 76 122 195 77 51 46 60 17 123 207 21 39 218 65 5 92 216 160 22 135 27 196 49 113 155 57 33 136 198 4 214 61 200 114 176 180 55 165 124 205 217 94 118 72 194 183 208 163 171 78 10 25 54 149 150 186 47 16 130 148 19 44 32 168 179 35 178 117 212 162 82 28 125 66 144 142 26 43 50 192 158 101 29 13 75 104 34 151 164 7 95 166 8 71 109 188 213 185 42 187 133 98 170 105 110 14 58 68 112 30 37 203 67 172 156 74 103 45 84 97 31
